0.12293718	0.248481463	0.008672287
0.12831538	0.25844346	0.00807898
0.13369358	0.224743608	0.007445926
0.13907178	0.231244657	0.007190035
0.14444998	0.248149001	0.00701799
0.14982818	0.252682445	0.006792374
0.15520638	0.231579718	0.006447992
0.16058458	0.243086419	0.00641047
0.16596278	0.259950659	0.00636014
0.17134098	0.270872194	0.006319381
0.17671918	0.247798483	0.005922927
0.18209738	0.244275131	0.005886096
0.18747558	0.245114317	0.005727773
0.19285378	0.246735102	0.005651993
0.19823198	0.241781611	0.005493814
0.20361018	0.238132554	0.005370934
0.20898838	0.234978816	0.005331604
0.21436658	0.234584452	0.005139569
0.21974478	0.239809621	0.005161085
0.22512298	0.236283391	0.005030287
0.23050118	0.227487919	0.004865485
0.23587938	0.240341559	0.004983497
0.24125758	0.238883325	0.00486042
0.24663578	0.225837211	0.004688479
0.25201398	0.233730625	0.004652924
0.25739218	0.2251657	0.004574902
0.26277038	0.216585171	0.004460623
0.26814858	0.223985629	0.004395801
0.27352678	0.224189703	0.004372325
0.27890498	0.222723013	0.004294504
0.28428318	0.226200466	0.004282519
0.28966138	0.220635598	0.004189186
0.29503958	0.221253663	0.00410021
0.30041778	0.22014961	0.004101183
0.30579598	0.221214019	0.004017026
0.31117418	0.206809933	0.003912065
0.31655238	0.217851766	0.003965953
0.32193058	0.213648988	0.003829284
0.32730878	0.214752941	0.003835887
0.33268698	0.22070325	0.003847794
0.33806518	0.215524207	0.003750014
0.34344338	0.208587266	0.003688029
0.34882158	0.210064208	0.00363779
0.35419978	0.210045596	0.003650666
0.35957798	0.212541706	0.003637726
0.36495618	0.211085927	0.003578229
0.37033438	0.213822621	0.003576181
0.37571258	0.203737567	0.00348507
0.38109078	0.206237994	0.003463518
0.38646898	0.205733448	0.003423298
0.39184718	0.206052076	0.003428472
0.39722538	0.201911603	0.003359004
0.40260358	0.202644353	0.003351431
0.40798178	0.205037555	0.003331305
0.41335998	0.196023175	0.003212461
0.41873818	0.202662557	0.003275844
0.42411638	0.197363278	0.003199921
0.42949458	0.199530873	0.003215815
0.43487278	0.199818846	0.003193828
0.44025098	0.190735395	0.003086895
0.44562918	0.195906736	0.003118946
0.45100738	0.199186995	0.003098064
0.45638558	0.19052464	0.003048253
0.46176378	0.189039318	0.003032939
0.46714198	0.197515167	0.003046094
0.47252018	0.193686848	0.003018784
0.47789838	0.19194155	0.002963933
0.48327658	0.191390709	0.002947901
0.48865478	0.188562764	0.002925505
0.49403298	0.18894008	0.002888169
0.49941118	0.19135457	0.002899558
0.50478938	0.183784047	0.002847381
0.51016758	0.186257355	0.00283092
0.51554578	0.185671932	0.00283382
0.52092398	0.1827739	0.002764152
0.52630218	0.176659962	0.002710429
0.53168038	0.184166819	0.002756967
0.53705858	0.179009927	0.002723354
0.54243678	0.177682838	0.002694911
0.54781498	0.172753478	0.002638842
0.55319318	0.175709005	0.002653715
0.55857138	0.179865434	0.00267175
0.56394958	0.176741779	0.002624377
0.56932779	0.173107214	0.002580949
0.57470599	0.172178423	0.002566752
0.58008419	0.17178818	0.002575844
0.58546239	0.169081947	0.00252244
0.59084059	0.168884314	0.002512099
0.59621879	0.167779724	0.002480476
0.60159699	0.16710498	0.002467844
0.60697519	0.166469966	0.002464805
0.61235339	0.163369048	0.002439657
0.61773159	0.166595053	0.002452783
0.62310979	0.165244734	0.00240425
0.62848799	0.163264619	0.002397983
0.63386619	0.160679654	0.002375413
0.63924439	0.159804039	0.002337991
0.64462259	0.162641538	0.002359738
0.65000079	0.159280808	0.002336906
0.65537899	0.155599651	0.002306547
0.66075719	0.156039765	0.002290855
0.66613539	0.154733615	0.002276323
0.67151359	0.148744763	0.002218317
0.67689179	0.148037875	0.002201819
0.68226999	0.153903357	0.002244893
0.68764819	0.150103691	0.002210639
0.69302639	0.147736445	0.002174345
0.69840459	0.144603649	0.002146323
0.70378279	0.142162268	0.002115462
0.70916099	0.144287501	0.002132626
0.71453919	0.145976964	0.002141105
0.71991739	0.143130391	0.002097859
0.72529559	0.143826712	0.002108112
0.73067379	0.141935991	0.002072797
0.73605199	0.142815793	0.00206842
0.74143019	0.142997094	0.002068532
0.74680839	0.137527547	0.00201126
0.75218659	0.135141085	0.00201027
0.75756479	0.137863611	0.002006273
0.76294299	0.137547894	0.001994153
0.76832119	0.135983664	0.001984001
0.77369939	0.134999585	0.0019647
0.77907759	0.135254149	0.001966313
0.78445579	0.129392221	0.001904324
0.78983399	0.131868004	0.001915275
0.79521219	0.130240934	0.001909796
0.80059039	0.121850742	0.001851634
0.80596859	0.129790185	0.001904265
0.81134679	0.12717661	0.001852033
0.81672499	0.126664744	0.001860623
0.82210319	0.124262777	0.00182593
0.82748139	0.124135347	0.001826041
0.83285959	0.122462953	0.001815434
0.83823779	0.123629119	0.001802213
0.84361599	0.120087079	0.001786887
0.84899419	0.119121931	0.00175908
0.85437239	0.120008551	0.00176558
0.85975059	0.117353649	0.001732819
0.86512879	0.115829978	0.001723124
0.87050699	0.112699326	0.001720629
0.87588519	0.112966538	0.001733481
0.88126339	0.112947451	0.001747898
0.88664159	0.112756129	0.001739049
0.89201979	0.110166155	0.001725213
0.89739799	0.110815221	0.001730875
0.90277619	0.111274827	0.001729751
0.90815439	0.106264384	0.001709557
0.91353259	0.10583235	0.001705933
0.91891079	0.106122282	0.001702412
0.92428899	0.104342868	0.001698157
0.92966719	0.105375006	0.001699366
0.93504539	0.105126081	0.001685832
0.94042359	0.105820917	0.00169607
0.94580179	0.102675336	0.001680852
0.95117999	0.10038961	0.001673466
0.95655819	0.102220042	0.001664149
0.96193639	0.100098395	0.001659919
0.96731459	0.096446007	0.00162088
0.97269279	0.098616351	0.001639221
0.97807099	0.098601965	0.001644284
0.98344919	0.093975389	0.001586516
0.98882739	0.096267155	0.001623015
0.99420559	0.094890103	0.001594784
0.99958379	0.095183742	0.00160413
1.004962	0.093506235	0.001589284
1.0103402	0.088481534	0.001554022
1.0157184	0.090655659	0.0015734
1.0210966	0.089662634	0.001549888
1.0264748	0.088737312	0.001553411
1.031853	0.085942155	0.001520072
1.0372312	0.087796431	0.001531864
1.0426094	0.085922878	0.001511096
1.0479876	0.085291192	0.001503883
1.0533658	0.084741626	0.001500842
1.058744	0.081724424	0.001488563
1.0641222	0.084572906	0.001498131
1.0695004	0.082582136	0.001495823
1.0748786	0.079831394	0.001462007
1.0802568	0.079024112	0.001454476
1.085635	0.079089961	0.001455231
1.0910132	0.079338547	0.001455465
1.0963914	0.078238572	0.001438662
1.1017696	0.073953668	0.001396858
1.1071478	0.077675898	0.001437164
1.112526	0.075615167	0.001407187
1.1179042	0.077910017	0.001419038
1.1232824	0.074760376	0.001398319
1.1286606	0.073214818	0.001373118
1.1340388	0.07067658	0.001357062
1.139417	0.070987716	0.001352419
1.1447952	0.071381383	0.001368023
1.1501734	0.071112103	0.001363384
1.1555516	0.068601751	0.001336259
1.1609298	0.069470684	0.00134242
1.166308	0.068322006	0.001325952
1.1716862	0.0665496	0.001320926
1.1770644	0.066073416	0.001309103
1.1824426	0.067388875	0.001324283
1.1878208	0.064380629	0.001301547
1.193199	0.065026812	0.001294465
1.1985772	0.063956597	0.001283959
1.2039554	0.065203182	0.00130039
1.2093336	0.062823234	0.001271688
1.2147118	0.062041706	0.001269413
1.22009		0.061865859	0.001263701
1.2254682	0.060062179	0.001244978
1.2308464	0.059315126	0.001231148
1.2362246	0.057470337	0.001220656
1.2416028	0.058437272	0.001228123
1.246981	0.0580679	0.001215804
1.2523592	0.057441252	0.001218247
1.2577374	0.056598116	0.001207569
1.2631156	0.057156567	0.001203642
1.2684938	0.056302885	0.001206026
1.273872	0.05470091	0.001180311
1.2792502	0.055120403	0.001190669
1.2846284	0.052489558	0.001171268
1.2900066	0.051948804	0.001155667
1.2953848	0.050911497	0.001148092
1.300763	0.051449327	0.001143259
1.3061412	0.054180966	0.001160893
1.3115194	0.05029142	0.001141727
1.3168976	0.047981234	0.001105403
1.3222758	0.048674106	0.001123028
1.327654	0.048367226	0.00110128
1.3330322	0.048721323	0.00112267
1.3384104	0.047757161	0.001096646
1.3437886	0.045484715	0.001087392
1.3491668	0.045760703	0.001090683
1.354545	0.044805377	0.001077831
1.3599232	0.045029532	0.001075283
1.3653014	0.045649991	0.001080698
1.3706796	0.044403278	0.00106291
1.3760578	0.044554492	0.00106852
1.381436	0.041867763	0.001035236
1.3868142	0.041839404	0.001045544
1.3921924	0.044206762	0.00105372
1.3975706	0.043501642	0.001042357
1.4029488	0.041224383	0.001030972
1.408327	0.04069694	0.0010244
1.4137052	0.038346438	0.001010512
1.4190834	0.041718554	0.001031884
1.4244616	0.038645744	0.001006819
1.4298398	0.038327347	0.001002453
1.435218	0.039946873	0.001010078
1.4405962	0.037840857	0.00099734
1.4459744	0.03647193	0.000977835
1.4513526	0.037027815	0.000993684
1.4567308	0.037689392	0.000997566
1.462109	0.036505486	0.000973794
1.4674872	0.03456282	0.000963439
1.4728654	0.037225393	0.000972907
1.4782436	0.034076809	0.000956857
1.4836218	0.03438737	0.000954038
1.489		0.031378502	0.000938783
1.4943782	0.031870675	0.000938017
1.4997564	0.033294853	0.000942869
1.5051346	0.031455589	0.000934948
1.5105128	0.032274493	0.000934739
1.515891	0.031472439	0.000916196
1.5212692	0.029981806	0.0009161
1.5266474	0.032052673	0.000930996
1.5320256	0.031530272	0.000919412
1.5374038	0.029905239	0.000912892
1.542782	0.029352626	0.000897255
1.5481602	0.029275352	0.000904324
1.5535384	0.029320782	0.000895389
1.5589166	0.0285025	0.000892567
1.5642948	0.030202072	0.000897245
1.569673	0.029270298	0.000892957
1.5750512	0.02900458	0.000887423
1.5804294	0.027257874	0.000870086
1.5858076	0.025657309	0.000874424
1.5911858	0.027408276	0.000868292
1.596564	0.026386496	0.000862538
1.6019422	0.025815852	0.000860606
1.6073204	0.025592883	0.000858329
1.6126986	0.025653612	0.000855713
1.6180768	0.02457443	0.000839675
1.623455	0.024579912	0.000849519
1.6288332	0.026787227	0.00085774
1.6342114	0.024754403	0.000844501
1.6395896	0.023757401	0.000826488
1.6449678	0.022000786	0.000824054
1.650346	0.024617122	0.000842318
1.6557242	0.024127251	0.000838342
1.6611024	0.023198174	0.000829044
1.6664806	0.022499204	0.000821925
1.6718588	0.02250643	0.00082369
1.677237	0.021799456	0.000814105
1.6826152	0.023053321	0.000818366
1.6879934	0.022314428	0.000815847
1.6933716	0.022034981	0.000814627
1.6987498	0.02228548	0.000811759
1.704128	0.019857852	0.000801646
1.7095062	0.021906122	0.000805282
1.7148844	0.019492849	0.000790309
1.7202626	0.020004539	0.000794278
1.7256408	0.020845246	0.000792254
1.731019	0.019464554	0.00079771
1.7363972	0.019712836	0.000785701
1.7417754	0.020638991	0.0007892
1.7471536	0.021181907	0.000791366
1.7525318	0.018878357	0.000780181
1.75791		0.018740778	0.000779942
1.7632882	0.019987573	0.000781011
1.7686664	0.019073547	0.000774842
1.7740446	0.017201282	0.000766072
1.7794228	0.018900303	0.000773743
1.784801	0.017194081	0.000763655
1.7901792	0.017054664	0.000761974
1.7955574	0.018551861	0.000764611
1.8009356	0.017686502	0.000762186
1.8063138	0.017823996	0.000762155
1.811692	0.018823319	0.000769389
1.8170702	0.017442463	0.000760453
1.8224484	0.017164987	0.00075505
1.8278266	0.016283979	0.000745067
1.8332048	0.015194396	0.000733033
1.838583	0.015356884	0.00073808
1.8439612	0.014889163	0.000736114
1.8493394	0.016118285	0.000749199
1.8547176	0.015133677	0.000740708
1.8600958	0.015132533	0.000739101
1.865474	0.014496487	0.000727121
1.8708522	0.014503468	0.000732813
1.8762304	0.014867256	0.000733091
1.8816086	0.015933686	0.000736393
1.8869868	0.014974977	0.000729502
1.892365	0.014823984	0.000727467
1.8977432	0.01436123	0.000728907
1.9031214	0.014086822	0.00073706
1.9084996	0.014649424	0.000743412
1.9138778	0.012508594	0.000735276
1.919256	0.014197241	0.000749798
1.9246342	0.013315842	0.000745539
1.9300124	0.012585913	0.000747427
1.9353906	0.014209871	0.00075235
1.9407688	0.012837931	0.000754
1.946147	0.013989321	0.000756072
1.9515252	0.01200747	0.000740483
1.9569034	0.013417155	0.000756543
1.9622816	0.011861681	0.000757538
1.9676598	0.012666006	0.000757268
1.973038	0.011867793	0.000751177
1.9784162	0.011998303	0.000750967
1.9837944	0.011613748	0.000749623
1.9891726	0.010792625	0.0007471
1.9945508	0.012066146	0.000755824
1.999929	0.011372653	0.000755534
2.0053072	0.010423304	0.000754215
2.0106854	0.010377647	0.000753778
2.0160636	0.010753661	0.000757381
2.0214418	0.010306945	0.000752482
2.02682		0.01098216	0.00075122
2.0321982	0.011180422	0.000760937
2.0375764	0.010675881	0.000759313
2.0429546	0.011249789	0.000766906
2.0483328	0.010385899	0.000754146
2.053711	0.010527196	0.000750893
2.0590892	0.010285389	0.000754862
2.0644674	0.011003765	0.00075237
2.0698456	0.009854803	0.000757658
2.0752238	0.009338986	0.000760806
2.080602	0.008780844	0.000752903
2.0859802	0.008886686	0.000760135
2.0913584	0.009940218	0.000749562
2.0967366	0.010408646	0.000763537
2.1021148	0.009953353	0.000763695
2.107493	0.009351986	0.000745465
2.1128712	0.008473946	0.000727959
2.1182494	0.00834132	0.000724311
2.1236276	0.009387543	0.000733597
2.1290058	0.010026277	0.000727594
2.134384	0.008673958	0.00071545
2.1397622	0.00884754	0.000713655
2.1451404	0.008748612	0.0007163
2.1505186	0.008759274	0.000709182
2.1558968	0.008768217	0.000703177
2.161275	0.008833226	0.000708104
2.1666532	0.007660671	0.000695307
2.1720314	0.008291404	0.000698503
2.1774096	0.008355963	0.000698049
2.1827878	0.007002539	0.000681916
2.188166	0.008546858	0.000700285
2.1935442	0.00919745	0.000698667
2.1989224	0.007568753	0.00069192
2.2043006	0.007142121	0.000690329
2.2096788	0.008038749	0.000685674
2.215057	0.008022083	0.000688767
2.2204352	0.008546224	0.000692141
2.2258134	0.007776085	0.00067799
2.2311916	0.007079524	0.000682187
2.2365698	0.006938456	0.000672575
2.241948	0.007007473	0.000683903
2.2473262	0.006832142	0.000676919
2.2527044	0.006314875	0.000672397
2.2580826	0.006992789	0.000672559
2.2634608	0.005361086	0.000665174
2.268839	0.006292881	0.000671856
2.2742172	0.006222439	0.000663806
2.2795954	0.006425629	0.000667062
2.2849736	0.006303461	0.000663666
2.2903518	0.006002936	0.000665697
2.29573		0.006705582	0.000669739
2.3011082	0.006854794	0.000660411
2.3064864	0.006084228	0.000657005
2.3118646	0.006083205	0.000662626
2.3172428	0.006144066	0.000658781
2.322621	0.007028128	0.000660713
2.3279992	0.007136634	0.000656419
2.3333774	0.006105535	0.000657708
2.3387556	0.005189256	0.000653825
2.3441338	0.005413437	0.000649235
2.349512	0.005651303	0.000652633
2.3548902	0.005336748	0.000647566
2.3602684	0.005155093	0.00064955
2.3656466	0.005678605	0.000643815
2.3710248	0.005624003	0.000647853
2.376403	0.005129227	0.000643714
2.3817812	0.005289052	0.000639035
2.3871594	0.005231957	0.000649117
2.3925376	0.006543827	0.00064633
2.3979158	0.005009748	0.000645163
2.403294	0.005883521	0.000639899
2.4086722	0.004128375	0.000641229
2.4140504	0.004511007	0.00064039
2.4194286	0.004469554	0.00063477
2.4248068	0.003786701	0.000636449
2.430185	0.004384416	0.000635996
2.4355632	0.004498305	0.000632652
2.4409414	0.003480902	0.000632867
2.4463196	0.003204135	0.000624722
2.4516978	0.003850948	0.000631826
2.457076	0.004311707	0.000628456
2.4624542	0.004200401	0.000630209
2.4678324	0.004780924	0.000631713
2.4732106	0.004421439	0.000622824
2.4785888	0.004031049	0.000631235
2.483967	0.00346476	0.000621826
2.4893452	0.004549238	0.000625045
2.4947234	0.004117694	0.000623947
2.5001016	0.004102733	0.00062042
2.5054798	0.004106651	0.000627891
2.510858	0.00426452	0.000616442
2.5162362	0.003912381	0.000621226
2.5216144	0.00346353	0.000615471
2.5269926	0.00428099	0.000618335
2.5323708	0.004295008	0.00062398
2.537749	0.003212359	0.000612915
2.5431272	0.00400405	0.000615613
2.5485054	0.003375376	0.000616372
2.5538836	0.003299023	0.000611115
2.5592618	0.003345302	0.00061571
2.56464		0.002925257	0.000612238
2.5700182	0.003197706	0.000612213
2.5753964	0.002741909	0.000611829
2.5807746	0.003260756	0.000610115
2.5861528	0.002893551	0.000608241
2.591531	0.003502446	0.000608979
2.5969092	0.003783832	0.000609646
2.6022874	0.003477359	0.000606537
2.6076656	0.004431844	0.000620487
2.6130438	0.004219703	0.000629955
2.618422	0.0032142	0.000623042
2.6238002	0.003283918	0.000629277
2.6291784	0.00260703	0.000626499
2.6345566	0.003443023	0.000634374
2.6399348	0.002728671	0.000635461
2.645313	0.001969053	0.000635508
2.6506912	0.003734027	0.000637623
2.6560694	0.002877111	0.000635163
2.6614476	0.002258606	0.00063612
2.6668258	0.001881194	0.000645167
2.672204	0.001988973	0.000639981
2.6775822	0.00240337	0.000643062
2.6829604	0.002228522	0.000639023
2.6883386	0.003801029	0.000648678
2.6937168	0.002461177	0.000645274
2.699095	0.002524871	0.000643932
2.7044732	0.003736812	0.000648725
2.7098514	0.001294772	0.000641609
2.7152296	0.001724723	0.000648162
2.7206078	0.002019784	0.00065005
2.725986	0.001496382	0.000645813
2.7313642	0.001439285	0.000652094
2.7367424	0.001596287	0.000653298
2.7421206	0.003030489	0.000652601
2.7474988	0.001545465	0.00065198
2.752877	0.002080932	0.000653248
2.7582552	0.002421885	0.000654134
2.7636334	0.002388566	0.000652098
2.7690116	0.001804758	0.000654185
2.7743898	0.001416143	0.000647745
2.779768	0.002095486	0.000649178
2.7851462	0.002248569	0.000649571
2.7905244	0.001587466	0.000651487
2.7959026	0.002564876	0.000650531
2.8012808	0.002338766	0.000652229
2.806659	0.001881378	0.000649143
2.8120372	0.00218133	0.000651413
2.8174154	0.002678208	0.000649089
2.8227936	0.002031253	0.000649365
2.8281718	0.002062949	0.0006491
2.83355		0.00140151	0.000650376
2.8389282	0.001716632	0.000646639
2.8443064	0.001515633	0.000654117
2.8496846	0.002158984	0.000649941
2.8550628	0.002115466	0.000651194
2.860441	0.001844161	0.00064628
2.8658192	0.001486061	0.000645246
2.8711974	0.001744048	0.0006425
2.8765756	0.001143416	0.000647568
2.8819538	0.001342292	0.000647352
2.887332	0.001921759	0.000649088
2.8927102	0.002114852	0.000645962
2.8980884	0.001967178	0.000647485
2.9034666	0.001739607	0.000649073
2.9088448	0.002337937	0.000645432
2.914223	0.001452845	0.000643226
2.9196012	0.00221104	0.00064964
2.9249794	0.001678559	0.000647974
2.9303576	0.001724269	0.00064223
2.9357358	0.002763684	0.00064648
2.941114	0.000795052	0.000641163
2.9464922	0.001667471	0.000645626
2.9518704	0.000531134	0.000647646
2.9572486	0.001071795	0.000659227
2.9626268	0.002353702	0.00066632
2.968005	0.001426726	0.000669292
2.9733832	0.001248646	0.000676024
2.9787614	0.001311129	0.000675788
2.9841396	0.000294578	0.000675149
2.9895178	0.001116184	0.000690647
2.994896	0.001375469	0.000682828
3.0002742	0.001484455	0.000693582
3.0056524	0.001837526	0.000689725
3.0110306	0.00138034	0.000691139
3.0164088	0.000874144	0.000698139
3.021787	0.001149266	0.000696792
3.0271652	0.000672062	0.000701157