0.13907178	0.530809257	0.010613042
0.14444998	0.511966901	0.010017091
0.14982818	0.493829525	0.009547402
0.15520638	0.497256548	0.009404857
0.16058458	0.477137399	0.009079445
0.16596278	0.505576799	0.009081415
0.17134098	0.462792724	0.008548732
0.17671918	0.466234853	0.008337804
0.18209738	0.445960331	0.008162927
0.18747558	0.436309257	0.007870775
0.19285378	0.444021872	0.007828717
0.19823198	0.422139031	0.007500916
0.20361018	0.428748184	0.007449166
0.20898838	0.405071236	0.007251388
0.21436658	0.400865092	0.006980972
0.21974478	0.401249421	0.006945011
0.22512298	0.383279741	0.006670908
0.23050118	0.373228219	0.006488756
0.23587938	0.363384809	0.006420966
0.24125758	0.364411235	0.006288106
0.24663578	0.349515211	0.006097297
0.25201398	0.352758225	0.006002325
0.25739218	0.34652645	0.005942272
0.26277038	0.339806541	0.005850512
0.26814858	0.335773089	0.005660299
0.27352678	0.325322473	0.00555205
0.27890498	0.332265113	0.005528137
0.28428318	0.313845686	0.00532976
0.28966138	0.317463548	0.005304375
0.29503958	0.311592103	0.005150951
0.30041778	0.30274344	0.005088592
0.30579598	0.302946079	0.004980321
0.31117418	0.287207603	0.004873287
0.31655238	0.294892366	0.004894433
0.32193058	0.281917668	0.004667968
0.32730878	0.279846921	0.004649021
0.33268698	0.27719981	0.004584544
0.33806518	0.280158387	0.004544581
0.34344338	0.275212936	0.004500665
0.34882158	0.274775758	0.004420716
0.35419978	0.267700456	0.004382503
0.35957798	0.266010516	0.004326691
0.36495618	0.252331447	0.004164175
0.37033438	0.254369041	0.004152891
0.37571258	0.255718187	0.004151134
0.38109078	0.251541064	0.004069009
0.38646898	0.252689258	0.004036727
0.39184718	0.249722256	0.00401838
0.39722538	0.237788333	0.003883207
0.40260358	0.242040253	0.003898046
0.40798178	0.242456085	0.003859866
0.41335998	0.236430085	0.003757428
0.41873818	0.228419427	0.003708869
0.42411638	0.233863748	0.003710954
0.42949458	0.235847803	0.003724522
0.43487278	0.240974276	0.003736713
0.44025098	0.227373255	0.003588595
0.44562918	0.224343446	0.003557961
0.45100738	0.217157185	0.003451874
0.45638558	0.21737344	0.003469735
0.46176378	0.215793688	0.003453189
0.46714198	0.209795347	0.003350979
0.47252018	0.219836128	0.003429133
0.47789838	0.2139088	0.003337608
0.48327658	0.209466739	0.003290773
0.48865478	0.211139364	0.003302064
0.49403298	0.20874058	0.003238761
0.49941118	0.199757	0.003163296
0.50478938	0.204134957	0.003200927
0.51016758	0.197180195	0.003109578
0.51554578	0.202592312	0.003158114
0.52092398	0.19834738	0.003073126
0.52630218	0.196209742	0.003046622
0.53168038	0.196603509	0.003040567
0.53705858	0.199700467	0.003068237
0.54243678	0.191626878	0.002986584
0.54781498	0.189637198	0.002948387
0.55319318	0.190963065	0.002951545
0.55857138	0.194201854	0.002962647
0.56394958	0.188575639	0.002893835
0.56932779	0.183638394	0.002837387
0.57470599	0.186900663	0.002853541
0.58008419	0.18329543	0.00283977
0.58546239	0.182730897	0.002797736
0.59084059	0.178724694	0.002758445
0.59621879	0.180414374	0.002744735
0.60159699	0.18434147	0.00276531
0.60697519	0.180807786	0.002740558
0.61235339	0.173015558	0.002680043
0.61773159	0.174470823	0.002680726
0.62310979	0.174049714	0.002634164
0.62848799	0.174588429	0.002647287
0.63386619	0.171003174	0.002615877
0.63924439	0.175869949	0.002616091
0.64462259	0.168251408	0.002563437
0.65000079	0.169468438	0.002573505
0.65537899	0.166030941	0.002542082
0.66075719	0.169413175	0.002546674
0.66613539	0.166409315	0.00251885
0.67151359	0.166044193	0.002498178
0.67689179	0.162660995	0.002461345
0.68226999	0.161851057	0.002457605
0.68764819	0.157793011	0.002420284
0.69302639	0.155278245	0.002379558
0.69840459	0.156497219	0.002382503
0.70378279	0.157721898	0.002375492
0.70916099	0.158003191	0.00238057
0.71453919	0.156129244	0.002362637
0.71991739	0.153667191	0.002319954
0.72529559	0.151545482	0.00231052
0.73067379	0.150593781	0.002279398
0.73605199	0.151484733	0.002275055
0.74143019	0.155854884	0.002303604
0.74680839	0.149484307	0.00223755
0.75218659	0.151872335	0.002271809
0.75756479	0.149604001	0.002229616
0.76294299	0.148541214	0.002211678
0.76832119	0.145919924	0.00219308
0.77369939	0.138474945	0.002127018
0.77907759	0.141922169	0.00215087
0.78445579	0.143970331	0.002141956
0.78983399	0.141542964	0.00211776
0.79521219	0.138559554	0.002101902
0.80059039	0.136467872	0.002087805
0.80596859	0.133857425	0.00206553
0.81134679	0.13495042	0.002036284
0.81672499	0.128315164	0.0020021
0.82210319	0.128731947	0.001985826
0.82748139	0.128544597	0.001986906
0.83285959	0.129894113	0.001996272
0.83823779	0.123631099	0.001927571
0.84361599	0.125135169	0.001946553
0.84899419	0.121344991	0.001898098
0.85437239	0.122510441	0.001907179
0.85975059	0.121041179	0.001880192
0.86512879	0.119848158	0.001873249
0.87050699	0.118629036	0.001886339
0.87588519	0.114389408	0.001864641
0.88126339	0.113439931	0.001873671
0.88664159	0.110296669	0.001842555
0.89201979	0.108149355	0.001829424
0.89739799	0.107174751	0.001822735
0.90277619	0.109498397	0.001837348
0.90815439	0.104872094	0.001816779
0.91353259	0.10146025	0.001791043
0.91891079	0.101796842	0.001785955
0.92428899	0.100187888	0.001783976
0.92966719	0.099147466	0.001768834
0.93504539	0.102999231	0.001786649
0.94042359	0.095510677	0.001730227
0.94580179	0.095358476	0.001741014
0.95117999	0.090014335	0.00170935
0.95655819	0.090213177	0.001682069
0.96193639	0.088531914	0.001681695
0.96731459	0.088867854	0.001669921
0.97269279	0.086726917	0.001658339
0.97807099	0.087077261	0.001662704
0.98344919	0.084525815	0.001617355
0.98882739	0.082588227	0.001623497
0.99420559	0.084272174	0.001620549
0.99958379	0.079219639	0.00158152
1.004962	0.078122118	0.001571478
1.0103402	0.074363235	0.001543783
1.0157184	0.074512002	0.001544583
1.0210966	0.074969851	0.0015317
1.0264748	0.072757199	0.001524638
1.031853	0.071105985	0.001499673
1.0372312	0.071657834	0.001497345
1.0426094	0.072010143	0.001501286
1.0479876	0.068739934	0.001466273
1.0533658	0.068019085	0.001465006
1.058744	0.065648056	0.001453466
1.0641222	0.064766324	0.001433059
1.0695004	0.069204331	0.001487113
1.0748786	0.064850146	0.001436958
1.0802568	0.064655477	0.001435316
1.085635	0.059893236	0.001394912
1.0910132	0.058941741	0.001381023
1.0963914	0.056637983	0.001350692
1.1017696	0.055380491	0.001330319
1.1071478	0.056868862	0.001354106
1.112526	0.057383654	0.001349479
1.1179042	0.057454986	0.001341079
1.1232824	0.056210174	0.001338749
1.1286606	0.055607927	0.001318374
1.1340388	0.054550524	0.001313609
1.139417	0.05454584	0.001304669
1.1447952	0.051025187	0.001285696
1.1501734	0.051062773	0.001280386
1.1555516	0.05089149	0.001271612
1.1609298	0.049774134	0.001260134
1.166308	0.049238242	0.001253668
1.1716862	0.047938291	0.001252258
1.1770644	0.047117995	0.00123332
1.1824426	0.045790396	0.001224855
1.1878208	0.044758168	0.001219348
1.193199	0.044750566	0.001208767
1.1985772	0.041943613	0.00118269
1.2039554	0.041328438	0.001186682
1.2093336	0.042398889	0.001181308
1.2147118	0.040397835	0.001165127
1.22009		0.040894223	0.001170112
1.2254682	0.038857448	0.001147997
1.2308464	0.03831609	0.001140651
1.2362246	0.037332918	0.001131351
1.2416028	0.036678562	0.001120752
1.246981	0.036901665	0.001117333
1.2523592	0.037676609	0.00113383
1.2577374	0.036157156	0.001124001
1.2631156	0.034374478	0.00110052
1.2684938	0.034625752	0.00110627
1.273872	0.034999723	0.001092069
1.2792502	0.033681964	0.001093376
1.2846284	0.031252743	0.001075119
1.2900066	0.030816159	0.001056192
1.2953848	0.030886344	0.001057545
1.300763	0.031388258	0.001051121
1.3061412	0.029995642	0.001041539
1.3115194	0.02851231	0.001040333
1.3168976	0.028881941	0.001023593
1.3222758	0.029105959	0.001040107
1.327654	0.030205972	0.001033948
1.3330322	0.027028634	0.001016964
1.3384104	0.027476279	0.001003472
1.3437886	0.026173826	0.001011149
1.3491668	0.025144584	0.000999179
1.354545	0.026963319	0.001009102
1.3599232	0.026850041	0.001000872
1.3653014	0.025793199	0.001000467
1.3706796	0.023451027	0.000967905
1.3760578	0.024069427	0.000981038
1.381436	0.02429417	0.000976511
1.3868142	0.023533258	0.000975777
1.3921924	0.022945112	0.000966092
1.3975706	0.022716258	0.000955739
1.4029488	0.022563931	0.000964944
1.408327	0.021361706	0.000946983
1.4137052	0.019452441	0.000937447
1.4190834	0.0187929	0.000925801
1.4244616	0.019580797	0.00093709
1.4298398	0.019430848	0.000937442
1.435218	0.019056461	0.000921897
1.4405962	0.019201265	0.000928723
1.4459744	0.018861284	0.000925133
1.4513526	0.017343197	0.000919864
1.4567308	0.016701463	0.000909465
1.462109	0.017252515	0.000899833
1.4674872	0.016340203	0.000905453
1.4728654	0.017841405	0.000903182
1.4782436	0.017236779	0.00090665
1.4836218	0.015679032	0.000888873
1.489		0.016753736	0.000911776
1.4943782	0.015579798	0.000896544
1.4997564	0.015751939	0.00089197
1.5051346	0.014113001	0.000888543
1.5105128	0.01454927	0.0008857
1.515891	0.016851989	0.000895075
1.5212692	0.014897449	0.000881641
1.5266474	0.015297822	0.000881663
1.5320256	0.013744758	0.000867138
1.5374038	0.01401127	0.000876158
1.542782	0.013403851	0.000868599
1.5481602	0.012777198	0.000865863
1.5535384	0.012680498	0.000858773
1.5589166	0.012572515	0.000859679
1.5642948	0.013326513	0.000859578
1.569673	0.013400853	0.000859228
1.5750512	0.013301754	0.000859948
1.5804294	0.010970105	0.000840537
1.5858076	0.011198836	0.000856681
1.5911858	0.010682083	0.000831586
1.596564	0.010166435	0.000835665
1.6019422	0.010523837	0.000843573
1.6073204	0.01109766	0.000841594
1.6126986	0.010772766	0.000839972
1.6180768	0.01021655	0.000828422
1.623455	0.009967188	0.000835979
1.6288332	0.010207628	0.000829406
1.6342114	0.009215327	0.000828133
1.6395896	0.008767656	0.00082014
1.6449678	0.009195523	0.000826904
1.650346	0.00859254	0.000824741
1.6557242	0.008053043	0.000817681
1.6611024	0.008217357	0.000817901
1.6664806	0.007780172	0.000809175
1.6718588	0.008260002	0.000821862
1.677237	0.00805424	0.000812688
1.6826152	0.007370096	0.000800575
1.6879934	0.006768026	0.000798328
1.6933716	0.007752374	0.000808731
1.6987498	0.005903084	0.000797341
1.704128	0.005523752	0.000798016
1.7095062	0.0062626	0.000791913
1.7148844	0.006605678	0.000797424
1.7202626	0.005958386	0.000794148
1.7256408	0.006525388	0.000794005
1.731019	0.005107785	0.000794104
1.7363972	0.006122949	0.0007938
1.7417754	0.006765766	0.000790657
1.7471536	0.00731134	0.000792885
1.7525318	0.005543675	0.000788742
1.75791		0.005314999	0.000783953
1.7632882	0.005477636	0.00078282
1.7686664	0.004609276	0.000779573
1.7740446	0.005509354	0.000781967
1.7794228	0.005128546	0.000778656
1.784801	0.004374685	0.000782099
1.7901792	0.004849504	0.000777559
1.7955574	0.006008322	0.000782764
1.8009356	0.004290337	0.000777665
1.8063138	0.003453416	0.000766611
1.811692	0.004139273	0.000767621
1.8170702	0.004329685	0.000774019
1.8224484	0.003257875	0.000768065
1.8278266	0.003956919	0.000767003
1.8332048	0.003093722	0.000763058
1.838583	0.003733135	0.000768259
1.8439612	0.004038505	0.000762291
1.8493394	0.003088462	0.00076822
1.8547176	0.002970169	0.000761657
1.8600958	0.002644274	0.000761165
1.865474	0.003310506	0.000760383
1.8708522	0.003507025	0.000759616
1.8762304	0.003440737	0.000760045
1.8816086	0.004130984	0.000755567
1.8869868	0.004056218	0.000757564
1.892365	0.00338028	0.000758823
1.8977432	0.003370473	0.000758159
1.9031214	0.002799751	0.000767855
1.9084996	0.00350884	0.000775501
1.9138778	0.003217646	0.00077603
1.919256	0.002467601	0.000779886
1.9246342	0.00254653	0.000781437
1.9300124	0.001994976	0.000787576
1.9353906	0.003417607	0.000790009
1.9407688	0.002971064	0.00079283
1.946147	0.002252166	0.000783919
1.9515252	0.002838895	0.000789271
1.9569034	0.002080005	0.000790616
1.9622816	0.002163878	0.000799568
1.9676598	0.003034223	0.000795674
1.973038	0.002319287	0.00079588
1.9784162	0.002521341	0.000796658
1.9837944	0.002725451	0.000801173
1.9891726	0.001943641	0.000798047
1.9945508	0.002769849	0.000802555
1.999929	0.002255459	0.000801431
2.0053072	0.000969178	0.000806096
2.0106854	0.001459585	0.000803968
2.0160636	0.000741655	0.000805315
2.0214418	0.001077526	0.000805981
2.02682		0.002016056	0.000803596
2.0321982	0.002526613	0.000813152
2.0375764	0.002914389	0.00080867
2.0429546	0.002291805	0.000811831
2.0483328	0.002191906	0.000810017
2.053711	0.001745134	0.000808203
2.0590892	0.002916141	0.000821802
2.0644674	0.002098812	0.000808692
2.0698456	0.000829744	0.000813244
2.0752238	0.001313533	0.000816572
2.080602	0.001122546	0.000816926
2.0859802	0.001028526	0.000823435
2.0913584	0.00296572	0.00081495
2.0967366	0.002707358	0.000819289
2.1021148	0.001182214	0.000819419
2.107493	0.000216103	0.000799788
2.1128712	0.001131287	0.000795744
2.1182494	0.00013029	0.00078262
2.1236276	0.000603481	0.000785349
2.1290058	0.00111316	0.00078093
2.134384	0.000986354	0.000775329
2.1397622	0.001031534	0.000775411
2.1451404	0.001062018	0.000772027
2.1505186	0.001636392	0.00077227
2.1558968	0.002428643	0.000769044
2.161275	0.002411968	0.000770335
2.1666532	0.001450083	0.000762272
2.1720314	0.001385599	0.000762216
2.1774096	0.001420239	0.000765127
2.1827878	0.002250303	0.00075356
2.188166	0.002002297	0.000761971
2.1935442	0.002307424	0.000758216
2.1989224	0.000979204	0.000754044
2.2043006	0.002110461	0.000754537
2.2096788	0.001012478	0.000745539
2.215057	0.000780405	0.00074976
2.2204352	0.000935582	0.000746541
2.2258134	0.001675618	0.000746074