0.12831538	0.3653604	0.009320736
0.13369358	0.350433678	0.008848784
0.13907178	0.334291267	0.008379593
0.14444998	0.330048641	0.00796147
0.14982818	0.327871185	0.007656567
0.15520638	0.324132038	0.007481216
0.16058458	0.298448099	0.007081477
0.16596278	0.309645539	0.006965811
0.17134098	0.301326644	0.006729633
0.17671918	0.283820903	0.006380832
0.18209738	0.281634751	0.006356588
0.18747558	0.256250157	0.005937394
0.19285378	0.267258652	0.005950294
0.19823198	0.250910241	0.00567825
0.20361018	0.243265674	0.005514639
0.20898838	0.236405296	0.005438597
0.21436658	0.230938412	0.005193763
0.21974478	0.218593501	0.005045083
0.22512298	0.220077531	0.004963399
0.23050118	0.220167219	0.004880542
0.23587938	0.202045009	0.004699091
0.24125758	0.197778155	0.004552882
0.24663578	0.193968461	0.004465087
0.25201398	0.188448165	0.004303036
0.25739218	0.18050309	0.004226457
0.26277038	0.184100691	0.00422486
0.26814858	0.182629529	0.004081825
0.27352678	0.182142263	0.004050084
0.27890498	0.172695193	0.003893892
0.28428318	0.165884996	0.00378612
0.28966138	0.167796858	0.00376375
0.29503958	0.169784393	0.003691163
0.30041778	0.1536999	0.00354201
0.30579598	0.160673629	0.003525267
0.31117418	0.157745883	0.003518755
0.31655238	0.152382006	0.003416157
0.32193058	0.151054578	0.003316685
0.32730878	0.155671211	0.003358398
0.33268698	0.14555418	0.003221363
0.33806518	0.145914847	0.003175879
0.34344338	0.139498026	0.003107032
0.34882158	0.139848318	0.003058501
0.35419978	0.131077716	0.00297605
0.35957798	0.129295186	0.002935488
0.36495618	0.135086127	0.002954952
0.37033438	0.128286721	0.002862968
0.37571258	0.128365207	0.002856671
0.38109078	0.124729844	0.002787129
0.38646898	0.124202738	0.002749324
0.39184718	0.121098566	0.002716944
0.39722538	0.119636503	0.002670175
0.40260358	0.118390163	0.002654771
0.40798178	0.122247825	0.002654737
0.41335998	0.116485595	0.002555312
0.41873818	0.117686247	0.002578922
0.42411638	0.116266858	0.00253742
0.42949458	0.116518883	0.002540612
0.43487278	0.112504686	0.00247468
0.44025098	0.109588415	0.002425503
0.44562918	0.108508886	0.002403319
0.45100738	0.106997425	0.002349122
0.45638558	0.10798857	0.002375344
0.46176378	0.102978128	0.002323104
0.46714198	0.100035517	0.002256213
0.47252018	0.101463228	0.002271726
0.47789838	0.09940703	0.002211722
0.48327658	0.105473549	0.002262938
0.48865478	0.099167884	0.002199456
0.49403298	0.10114118	0.002188728
0.49941118	0.10303731	0.002202156
0.50478938	0.100176417	0.002176624
0.51016758	0.095586425	0.002108574
0.51554578	0.095525432	0.002113979
0.52092398	0.0961406	0.002077318
0.52630218	0.095409912	0.002067115
0.53168038	0.097727699	0.002082879
0.53705858	0.089732313	0.002005729
0.54243678	0.089471217	0.001992983
0.54781498	0.093400728	0.002019496
0.55319318	0.087344988	0.001948014
0.55857138	0.089546859	0.001963265
0.56394958	0.091007569	0.001957913
0.56932779	0.086250055	0.001896601
0.57470599	0.088442319	0.001913517
0.58008419	0.087170307	0.001910877
0.58546239	0.08975435	0.001903283
0.59084059	0.087053283	0.001874231
0.59621879	0.090102325	0.001887037
0.60159699	0.086354833	0.001844868
0.60697519	0.086069877	0.001847002
0.61235339	0.087765153	0.001857837
0.61773159	0.086012692	0.001836228
0.62310979	0.083750994	0.001781997
0.62848799	0.081382233	0.001763243
0.63386619	0.082143398	0.001772725
0.63924439	0.08395558	0.001761172
0.64462259	0.082645518	0.00175214
0.65000079	0.081659957	0.001742505
0.65537899	0.078577443	0.001717699
0.66075719	0.077529509	0.001688436
0.66613539	0.078545293	0.001698216
0.67151359	0.078337039	0.001684591
0.67689179	0.077226462	0.001660775
0.68226999	0.079937326	0.001694851
0.68764819	0.080257663	0.001687615
0.69302639	0.080991115	0.001673701
0.69840459	0.07940358	0.001658215
0.70378279	0.072968289	0.001588951
0.70916099	0.073547256	0.001596645
0.71453919	0.074122369	0.001604709
0.71991739	0.07665696	0.001603116
0.72529559	0.075313961	0.001592111
0.73067379	0.072331578	0.001549232
0.73605199	0.07335503	0.001547878
0.74143019	0.073790399	0.001555883
0.74680839	0.067257291	0.001477554
0.75218659	0.070680841	0.001526548
0.75756479	0.066976292	0.001463969
0.76294299	0.0687505	0.001478795
0.76832119	0.068452505	0.001480253
0.77369939	0.070100802	0.001481331
0.77907759	0.066619209	0.001446401
0.78445579	0.064522996	0.001414752
0.78983399	0.065380127	0.001416549
0.79521219	0.066556214	0.001434159
0.80059039	0.061862486	0.001393873
0.80596859	0.062873572	0.001399286
0.81134679	0.062433619	0.00136489
0.81672499	0.060170901	0.00135536
0.82210319	0.058434825	0.001326435
0.82748139	0.059317613	0.001331285
0.83285959	0.058706729	0.001331549
0.83823779	0.057293225	0.001302384
0.84361599	0.05607945	0.001294223
0.84899419	0.055382217	0.001276431
0.85437239	0.055430071	0.001271525
0.85975059	0.056406268	0.001270952
0.86512879	0.052341557	0.001238229
0.87050699	0.049730616	0.001227612
0.87588519	0.050488509	0.00124533
0.88126339	0.050664052	0.001253124
0.88664159	0.047025705	0.001219801
0.89201979	0.045930712	0.001209709
0.89739799	0.047992514	0.001230153
0.90277619	0.046784247	0.00121379
0.90815439	0.043970702	0.001198489
0.91353259	0.041421528	0.001182744
0.91891079	0.041856979	0.001179836
0.92428899	0.041770338	0.001184808
0.92966719	0.043779198	0.001193996
0.93504539	0.043704846	0.001190061
0.94042359	0.03973675	0.001153628
0.94580179	0.040796612	0.001171046
0.95117999	0.039333539	0.001167895
0.95655819	0.039085679	0.001151076
0.96193639	0.03801228	0.001144004
0.96731459	0.036293829	0.00111864
0.97269279	0.036064177	0.00111597
0.97807099	0.036297192	0.00112106
0.98344919	0.035506957	0.001092809
0.98882739	0.03366933	0.001092712
0.99420559	0.033495528	0.001083412
0.99958379	0.033300626	0.001080362
1.004962	0.032421954	0.00107434
1.0103402	0.030886209	0.001065498
1.0157184	0.032141598	0.001075493
1.0210966	0.031968781	0.001063709
1.0264748	0.029680105	0.001047223
1.031853	0.029608225	0.001041033
1.0372312	0.029715707	0.001036464
1.0426094	0.030869607	0.001047363
1.0479876	0.02828239	0.001018644
1.0533658	0.026976187	0.00100793
1.058744	0.028639683	0.001027243
1.0641222	0.027097346	0.00101011
1.0695004	0.027962647	0.001023095
1.0748786	0.024646651	0.000997196
1.0802568	0.022889815	0.000975059
1.085635	0.023995135	0.00098037
1.0910132	0.02446017	0.00098515
1.0963914	0.02431868	0.000980309
1.1017696	0.023555842	0.000968505
1.1071478	0.023839643	0.000969402
1.112526	0.022035845	0.000945077
1.1179042	0.023399021	0.000947706
1.1232824	0.020994968	0.000933635
1.1286606	0.024124636	0.000958821
1.1340388	0.021973671	0.000938163
1.139417	0.02141836	0.000925675
1.1447952	0.021726012	0.000939945
1.1501734	0.021175422	0.000935533
1.1555516	0.022306157	0.000940929
1.1609298	0.021405982	0.000931409
1.166308	0.019586821	0.000908496
1.1716862	0.018976585	0.000912514
1.1770644	0.018993893	0.000911573
1.1824426	0.018441787	0.000904444
1.1878208	0.018571727	0.000909475
1.193199	0.017704278	0.000896463
1.1985772	0.017727214	0.000898462
1.2039554	0.016496181	0.000896378
1.2093336	0.017920215	0.000894917
1.2147118	0.018781202	0.000907079
1.22009	0.015131434	0.000877887
1.2254682	0.017541	0.000888387
1.2308464	0.016916374	0.000886247
1.2362246	0.015867079	0.000877038
1.2416028	0.016249612	0.000874206
1.246981	0.015868365	0.000866188
1.2523592	0.015420277	0.000867068
1.2577374	0.014536264	0.000860447
1.2631156	0.014992532	0.000865871
1.2684938	0.015400921	0.00086893
1.273872	0.016018761	0.000862756
1.2792502	0.012839783	0.000849209
1.2846284	0.01449063	0.000859985
1.2900066	0.013992234	0.00085047
1.2953848	0.014611209	0.000858347
1.300763	0.015090197	0.000849096
1.3061412	0.014868299	0.000852486
1.3115194	0.012945186	0.000847049
1.3168976	0.013432094	0.000832642
1.3222758	0.012938939	0.000840182
1.327654	0.014073768	0.000836013
1.3330322	0.013384752	0.000838356
1.3384104	0.013416977	0.000823742
1.3437886	0.012193877	0.00082968
1.3491668	0.011595813	0.000825907
1.354545	0.011894602	0.000822688
1.3599232	0.012777879	0.000828694
1.3653014	0.012803397	0.000828591
1.3706796	0.011876063	0.000819622
1.3760578	0.011581925	0.000815058
1.381436	0.011277756	0.00080517
1.3868142	0.012245179	0.000814109
1.3921924	0.012395126	0.000816409
1.3975706	0.011650365	0.000806766
1.4029488	0.010815718	0.000809314
1.408327	0.010301627	0.000792644
1.4137052	0.011062204	0.000807337
1.4190834	0.010158575	0.000802649
1.4244616	0.010849557	0.000804651
1.4298398	0.01137684	0.000806131
1.435218	0.010754289	0.000793236
1.4405962	0.010499155	0.000797495
1.4459744	0.010952054	0.000794055
1.4513526	0.008737251	0.000786209
1.4567308	0.009465319	0.000792185
1.462109	0.008487305	0.000777972
1.4674872	0.009313623	0.000787064
1.4728654	0.010276875	0.000786137
1.4782436	0.008208801	0.00077579
1.4836218	0.007975659	0.000771682
1.489		0.008040262	0.00078201
1.4943782	0.008671211	0.000777202
1.4997564	0.008325641	0.000771649
1.5051346	0.00737055	0.000773201
1.5105128	0.007432579	0.000774298
1.515891	0.008415434	0.000770615
1.5212692	0.007865786	0.000768463
1.5266474	0.007898616	0.000767345
1.5320256	0.008452839	0.00076647
1.5374038	0.008612034	0.000776765
1.542782	0.009204424	0.000765199
1.5481602	0.008337284	0.00076654
1.5535384	0.007393791	0.000757193
1.5589166	0.007803515	0.00076501
1.5642948	0.008432492	0.000754201
1.569673	0.006940573	0.000752301
1.5750512	0.007829173	0.00075492
1.5804294	0.007233178	0.000753186
1.5858076	0.006146874	0.000758808
1.5911858	0.007089563	0.000746245
1.596564	0.007155863	0.000753837
1.6019422	0.005576364	0.000744885
1.6073204	0.007422455	0.000749485
1.6126986	0.007590735	0.000749114
1.6180768	0.007163169	0.000740623
1.623455	0.006158998	0.000741159
1.6288332	0.006078225	0.00073907
1.6342114	0.006927218	0.000741753
1.6395896	0.007466263	0.000739305
1.6449678	0.005920069	0.000742164
1.650346	0.005373014	0.00073477
1.6557242	0.007017096	0.000740877
1.6611024	0.006855197	0.000740097
1.6664806	0.007055132	0.000737681
1.6718588	0.005499274	0.000735981
1.677237	0.00659657	0.000733665
1.6826152	0.007569295	0.000734678
1.6879934	0.006116812	0.000732142
1.6933716	0.007375817	0.000740123
1.6987498	0.006071627	0.000724707
1.704128	0.005813898	0.000733372
1.7095062	0.007169795	0.000725372
1.7148844	0.006955678	0.000733899
1.7202626	0.006103623	0.000728467
1.7256408	0.00640101	0.000720451
1.731019	0.00591872	0.000728076
1.7363972	0.005614088	0.000719591
1.7417754	0.006672939	0.000718141
1.7471536	0.006457534	0.000720501
1.7525318	0.00639224	0.000723704
1.75791		0.004885859	0.0007135
1.7632882	0.006051302	0.00071855
1.7686664	0.004887471	0.000708931
1.7740446	0.005560746	0.000714917
1.7794228	0.00616956	0.000713719
1.784801	0.00489158	0.000709557
1.7901792	0.004716714	0.000710629
1.7955574	0.005392964	0.000708858
1.8009356	0.005544441	0.000717001
1.8063138	0.005101803	0.00070897
1.811692	0.005599852	0.000706932
1.8170702	0.004914417	0.000704426
1.8224484	0.005002061	0.000706111
1.8278266	0.005388183	0.00070166
1.8332048	0.005173475	0.000700698
1.838583	0.004957919	0.000700748
1.8439612	0.005030036	0.000701555
1.8493394	0.004582377	0.000703234
1.8547176	0.004147186	0.000698988
1.8600958	0.004058606	0.000697643
1.865474	0.004856556	0.000698938
1.8708522	0.004262074	0.00069522
1.8762304	0.004288687	0.000695134
1.8816086	0.00414437	0.000689201
1.8869868	0.004554986	0.000688298
1.892365	0.004302575	0.000692159
1.8977432	0.004425883	0.000688738
1.9031214	0.004145354	0.000700919
1.9084996	0.004955709	0.00070757
1.9138778	0.003292386	0.000703168
1.919256	0.004726049	0.000718457
1.9246342	0.004374984	0.00071585
1.9300124	0.003381949	0.000721636
1.9353906	0.004871349	0.000721643
1.9407688	0.00457105	0.00072845
1.946147	0.003907804	0.000722742
1.9515252	0.003880438	0.000723302
1.9569034	0.003225693	0.000726478
1.9622816	0.002510146	0.000730361
1.9676598	0.004298912	0.000733128
1.973038	0.004085125	0.000728656
1.9784162	0.004517434	0.000734657
1.9837944	0.004743426	0.000736876
1.9891726	0.004050713	0.000732721
1.9945508	0.005146939	0.000739458
1.999929	0.003737113	0.000734303
2.0053072	0.003265415	0.000739361
2.0106854	0.00322771	0.000738758
2.0160636	0.003321244	0.000741771
2.0214418	0.00267347	0.00073659
2.02682	0.002600689	0.0007326
2.0321982	0.002995292	0.000743565
2.0375764	0.003073026	0.000737969
2.0429546	0.003762442	0.000746387
2.0483328	0.003562994	0.000740593
2.053711	0.003407325	0.000742052
2.0590892	0.003438029	0.00074806
2.0644674	0.003610404	0.000742277
2.0698456	0.003072647	0.00074738
2.0752238	0.001955505	0.000742549
2.080602	0.001995051	0.000743901
2.0859802	0.002571735	0.000754866
2.0913584	0.00303841	0.000741212
2.0967366	0.00273284	0.000745806
2.1021148	0.002005379	0.000746647
2.107493	0.002321291	0.000734876
2.1128712	0.001545691	0.000723449
2.1182494	0.002923089	0.000718688
2.1236276	0.003823611	0.000732873
2.1290058	0.002577734	0.000714261
2.134384	0.004283643	0.000720178
2.1397622	0.004216303	0.000718848
2.1451404	0.003749115	0.000717008
2.1505186	0.003527939	0.00070554
2.1558968	0.002982466	0.000699589
2.161275	0.003224727	0.000701027
2.1666532	0.002820138	0.000695094
2.1720314	0.002525612	0.000693818
2.1774096	0.003263726	0.000698306
2.1827878	0.002919025	0.000688403
2.188166	0.002849734	0.000693015
2.1935442	0.00280893	0.000688799
2.1989224	0.002002115	0.00068766
2.2043006	0.00255028	0.000688798
2.2096788	0.002455879	0.000686084
2.215057	0.002383026	0.000685989
2.2204352	0.002435468	0.000684125
2.2258134	0.001769313	0.000677673
2.2311916	0.001978648	0.000679651
2.2365698	0.001637822	0.000672212
2.241948	0.001194235	0.000680659
2.2473262	0.001779737	0.000677927
2.2527044	0.001853341	0.000675015
2.2580826	0.001645013	0.000672774
2.2634608	0.001976333	0.000671946
2.268839	0.002031932	0.000677225
2.2742172	0.001450132	0.00066735
2.2795954	0.001645261	0.000668143
2.2849736	0.001830465	0.000666271
2.2903518	0.001419918	0.000667496
2.29573		0.001053964	0.000666043
2.3011082	0.000883872	0.000660517
2.3064864	0.00152726	0.000666072
2.3118646	0.000851714	0.000660768
2.3172428	0.000798437	0.000658952
2.322621	0.001558014	0.00066146
2.3279992	0.002063122	0.000658512
2.3333774	0.001722994	0.000662038
2.3387556	0.001091296	0.000658422
2.3441338	0.000888555	0.000654857
2.349512	0.001444814	0.000658173
2.3548902	0.001417283	0.000654022
2.3602684	0.002055133	0.000661981
2.3656466	0.002086143	0.000651692
2.3710248	0.001238539	0.000651956
2.376403	0.000830931	0.000649263
2.3817812	0.001446025	0.000648502
2.3871594	0.000952692	0.000652362
2.3925376	0.001097714	0.000646107
2.3979158	0.001268417	0.000650953
2.403294	0.001631093	0.00064813
2.4086722	0.000873122	0.000647233
2.4140504	0.00083624	0.000649051
2.4194286	0.000935227	0.000643252
2.4248068	0.001066383	0.00064881
2.430185	0.001036954	0.000646004
2.4355632	0.001115881	0.000641125
2.4409414	0.000497352	0.000644596
2.4463196	0.000855883	0.000637039
2.4516978	0.000841318	0.000641648
2.457076	0.002248808	0.000643059
2.4624542	0.001002243	0.000638044
2.4678324	0.001252266	0.000637683
2.4732106	0.000157911	0.000633067
2.4785888	0.00081612	0.000639652
2.483967	0.00146741	0.000633922
2.4893452	0.001424047	0.000637494
2.4947234	0.001848514	0.000634765
2.5001016	0.001243616	0.000633182
2.5054798	0.00116148	0.000638296
2.510858	0.001117305	0.000627235
2.5162362	0.001274907	0.000633292
2.5216144	0.001341928	0.000630553
2.5269926	0.001545699	0.000631348
2.5323708	0.001654601	0.000636638