0.11218078	0.193699336	0.010299534
0.11755898	0.193318966	0.009645008
0.12293718	0.181459283	0.008794387
0.12831538	0.18574765	0.008120339
0.13369358	0.173029618	0.007690287
0.13907178	0.191635327	0.007552986
0.14444998	0.197494611	0.007243536
0.14982818	0.183854115	0.006767963
0.15520638	0.185479248	0.006658325
0.16058458	0.195146119	0.006599182
0.16596278	0.191354289	0.006293378
0.17134098	0.195653394	0.006185495
0.17671918	0.188543693	0.005934775
0.18209738	0.184852981	0.005890132
0.18747558	0.180811947	0.005666008
0.19285378	0.180083422	0.00555526
0.19823198	0.189391481	0.00555874
0.20361018	0.185721194	0.005419402
0.20898838	0.181498106	0.005357544
0.21436658	0.190199162	0.005263075
0.21974478	0.177035951	0.005079467
0.22512298	0.189502101	0.005126507
0.23050118	0.183592289	0.004970383
0.23587938	0.177311849	0.004889889
0.24125758	0.181533815	0.004829744
0.24663578	0.178350621	0.004741108
0.25201398	0.180496655	0.004648875
0.25739218	0.17740386	0.004617226
0.26277038	0.184641871	0.00465704
0.26814858	0.178800589	0.004450627
0.27352678	0.186268253	0.004503572
0.27890498	0.181918503	0.004386859
0.28428318	0.182233966	0.004347419
0.28966138	0.178723928	0.004262682
0.29503958	0.179309163	0.004164853
0.30041778	0.17730764	0.004158728
0.30579598	0.176419929	0.004052591
0.31117418	0.166496303	0.003967531
0.31655238	0.173923336	0.003996848
0.32193058	0.182343898	0.003981239
0.32730878	0.178469661	0.003938312
0.33268698	0.17806758	0.003894124
0.33806518	0.178132587	0.003837361
0.34344338	0.181797026	0.003869467
0.34882158	0.175967028	0.003746213
0.35419978	0.166679646	0.003666181
0.35957798	0.170900806	0.00367816
0.36495618	0.168986597	0.003608163
0.37033438	0.175342071	0.00364612
0.37571258	0.173679827	0.003620603
0.38109078	0.166765834	0.003508963
0.38646898	0.160962268	0.003412259
0.39184718	0.169598286	0.00350021
0.39722538	0.165435773	0.003420985
0.40260358	0.167384523	0.003429517
0.40798178	0.165112965	0.003364199
0.41335998	0.160205385	0.003268888
0.41873818	0.166917587	0.003344127
0.42411638	0.161556058	0.003257244
0.42949458	0.161373893	0.003255844
0.43487278	0.158309066	0.003201179
0.44025098	0.164337305	0.003221727
0.44562918	0.159406516	0.003166897
0.45100738	0.162307295	0.003145625
0.45638558	0.1620673	0.003161108
0.46176378	0.158532018	0.003127014
0.46714198	0.159557557	0.003083337
0.47252018	0.155509378	0.003045623
0.47789838	0.1585068	0.003028749
0.48327658	0.151022019	0.002947985
0.48865478	0.153850964	0.002971984
0.49403298	0.15468631	0.002938991
0.49941118	0.15228926	0.00291082
0.50478938	0.156914067	0.002957372
0.51016758	0.151200225	0.002871551
0.51554578	0.151188762	0.002879257
0.52092398	0.14857416	0.002803631
0.52630218	0.149868452	0.002807235
0.53168038	0.149379379	0.002794849
0.53705858	0.150814827	0.002812201
0.54243678	0.148505638	0.00277152
0.54781498	0.142545298	0.002699664
0.55319318	0.143241075	0.002696564
0.55857138	0.146077374	0.002711085
0.56394958	0.143974269	0.002665666
0.56932779	0.143876234	0.002646366
0.57470599	0.141862643	0.002622458
0.58008419	0.14480627	0.002660783
0.58546239	0.140324967	0.002584814
0.59084059	0.145731924	0.002622306
0.59621879	0.138768564	0.002538581
0.60159699	0.14273794	0.002564175
0.60697519	0.134901876	0.002499581
0.61235339	0.142516048	0.00256225
0.61773159	0.136069653	0.002495719
0.62310979	0.137585074	0.002468818
0.62848799	0.139549089	0.002493184
0.63386619	0.133808184	0.002442148
0.63924439	0.135544419	0.002421094
0.64462259	0.134943918	0.002418388
0.65000079	0.131385598	0.002389821
0.65537899	0.126320061	0.002342724
0.66075719	0.135092735	0.002396149
0.66613539	0.130980805	0.002358982
0.67151359	0.130217493	0.002334571
0.67689179	0.126780085	0.002294176
0.68226999	0.129309127	0.002317849
0.68764819	0.129809141	0.002313302
0.69302639	0.126034085	0.002261551
0.69840459	0.124271489	0.002239158
0.70378279	0.123711598	0.002223385
0.70916099	0.122539721	0.002213649
0.71453919	0.120962514	0.002198716
0.71991739	0.119497501	0.002161162
0.72529559	0.121129612	0.002176968
0.73067379	0.123285071	0.002173744
0.73605199	0.121349893	0.002147713
0.74143019	0.122391784	0.002155974
0.74680839	0.118434407	0.00210387
0.75218659	0.120100655	0.002133517
0.75756479	0.119234631	0.002098173
0.76294299	0.117165074	0.002073751
0.76832119	0.114872834	0.002055588
0.77369939	0.116689245	0.002055928
0.77907759	0.118770329	0.002072431
0.78445579	0.115872371	0.002028775
0.78983399	0.117110974	0.002030524
0.79521219	0.113747574	0.002009883
0.80059039	0.110634802	0.001987033
0.80596859	0.110546935	0.001980835
0.81134679	0.11514276	0.001982421
0.81672499	0.109758864	0.001953049
0.82210319	0.110782057	0.001939893
0.82748139	0.112802277	0.001958453
0.83285959	0.105908513	0.001901822
0.83823779	0.106579609	0.00188822
0.84361599	0.107719099	0.001904082
0.84899419	0.108011791	0.001884523
0.85437239	0.108910961	0.001893017
0.85975059	0.105526359	0.001851245
0.86512879	0.107279168	0.001863721
0.87050699	0.101583296	0.001841485
0.87588519	0.102701748	0.00186114
0.88126339	0.105588381	0.001901922
0.88664159	0.102201799	0.001868051
0.89201979	0.102611245	0.001871941
0.89739799	0.100626341	0.001859698
0.90277619	0.103891767	0.001879266
0.90815439	0.098302804	0.001853154
0.91353259	0.09880104	0.001856829
0.91891079	0.098082952	0.001845898
0.92428899	0.096202458	0.001838334
0.92966719	0.092466639	0.001798211
0.93504539	0.094373571	0.001804502
0.94042359	0.093181805	0.001796832
0.94580179	0.094182006	0.001815963
0.95117999	0.090214524	0.001791179
0.95655819	0.093202494	0.001793977
0.96193639	0.093087617	0.001804827
0.96731459	0.091346789	0.001777277
0.97269279	0.087283813	0.001745483
0.97807099	0.08980608	0.001772137
0.98344919	0.089800136	0.001749364
0.98882739	0.089569495	0.001766212
0.99420559	0.090511957	0.001755206
0.99958379	0.088483762	0.001745694
1.004962	0.085357721	0.001717716
1.0103402	0.083592875	0.001706928
1.0157184	0.083732438	0.001710389
1.0210966	0.084362569	0.001694894
1.0264748	0.081438023	0.001685771
1.031853	0.08124271	0.001667134
1.0372312	0.084579786	0.001694927
1.0426094	0.085506402	0.001701118
1.0479876	0.080931926	0.001652905
1.0533658	0.077876587	0.001628435
1.058744	0.077931538	0.001644715
1.0641222	0.079475453	0.001643503
1.0695004	0.077694874	0.001639495
1.0748786	0.07821093	0.001635793
1.0802568	0.076174605	0.001611855
1.085635	0.078081004	0.001633984
1.0910132	0.078809807	0.001632541
1.0963914	0.077522181	0.001621153
1.1017696	0.074825206	0.00158159
1.1071478	0.075135817	0.00159423
1.112526	0.075329501	0.001584955
1.1179042	0.074121677	0.001567043
1.1232824	0.075379183	0.00158712
1.1286606	0.072375928	0.001546793
1.1340388	0.072536996	0.001550406
1.139417	0.070567644	0.001526821
1.1447952	0.071039979	0.001541296
1.1501734	0.068724289	0.001517462
1.1555516	0.068625104	0.001507269
1.1609298	0.070583473	0.001526861
1.166308	0.070457844	0.001519385
1.1716862	0.065730538	0.001487479
1.1770644	0.066556095	0.001484493
1.1824426	0.065224075	0.001478023
1.1878208	0.063317422	0.001460101
1.193199	0.063127947	0.001449002
1.1985772	0.066400903	0.001475437
1.2039554	0.064453967	0.001463594
1.2093336	0.062458567	0.001436921
1.2147118	0.060145399	0.001420439
1.22009		0.058630076	0.001400601
1.2254682	0.06084719	0.001419251
1.2308464	0.062068625	0.001420652
1.2362246	0.05841617	0.001391951
1.2416028	0.05883464	0.001397264
1.246981	0.06015088	0.001400537
1.2523592	0.059796732	0.001404485
1.2577374	0.056937642	0.001379441
1.2631156	0.055820641	0.001362188
1.2684938	0.053940013	0.001352506
1.273872	0.05605148	0.001352555
1.2792502	0.056565931	0.001372331
1.2846284	0.054053094	0.001354697
1.2900066	0.052923232	0.00132326
1.2953848	0.054313622	0.001341151
1.300763	0.051963547	0.001307373
1.3061412	0.055939195	0.001339823
1.3115194	0.052476681	0.001320415
1.3168976	0.05398541	0.001319309
1.3222758	0.051984055	0.001310119
1.327654	0.052941696	0.001303831
1.3330322	0.050657076	0.001295992
1.3384104	0.049447288	0.001269491
1.3437886	0.048756169	0.001279051
1.3491668	0.050004534	0.001294954
1.354545	0.04968307	0.001281271
1.3599232	0.050031115	0.001279877
1.3653014	0.048343696	0.001264636
1.3706796	0.049722311	0.001268768
1.3760578	0.046677698	0.001239591
1.381436	0.046972707	0.001231916
1.3868142	0.045088751	0.00123102
1.3921924	0.046818412	0.001242548
1.3975706	0.045620639	0.001218523
1.4029488	0.045901993	0.001237339
1.408327	0.043853273	0.001206491
1.4137052	0.044331931	0.001222353
1.4190834	0.044759815	0.001216784
1.4244616	0.041919175	0.001188183
1.4298398	0.043819884	0.001207542
1.435218	0.042777387	0.001188823
1.4405962	0.041387751	0.001176631
1.4459744	0.040301297	0.001165743
1.4513526	0.037429939	0.001148701
1.4567308	0.039880178	0.001169778
1.462109	0.039324619	0.00115787
1.4674872	0.039149678	0.001157715
1.4728654	0.038696741	0.001147137
1.4782436	0.038703478	0.001148916
1.4836218	0.038228554	0.001138989
1.489		0.037495676	0.00113979
1.4943782	0.037067856	0.001133828
1.4997564	0.035563966	0.001123201
1.5051346	0.034034853	0.001108428
1.5105128	0.036122521	0.001123768
1.515891	0.036127023	0.001116915
1.5212692	0.03554132	0.001112168
1.5266474	0.035671244	0.00111151
1.5320256	0.035260602	0.00110392
1.5374038	0.032992217	0.001091389
1.542782	0.033917152	0.001096186
1.5481602	0.034230506	0.001092323
1.5535384	0.031910699	0.001071968
1.5589166	0.032004528	0.00107374
1.5642948	0.032054136	0.001068406
1.569673	0.031618186	0.001063296
1.5750512	0.030970055	0.001060661
1.5804294	0.032896143	0.001067784
1.5858076	0.030264267	0.001068239
1.5911858	0.03070998	0.001042594
1.596564	0.030116681	0.001050941
1.6019422	0.03036224	0.001049667
1.6073204	0.028797027	0.001037717
1.6126986	0.031571618	0.001060227
1.6180768	0.029625223	0.001032433
1.623455	0.026672708	0.001015687
1.6288332	0.029584866	0.001029783
1.6342114	0.027158544	0.001014464
1.6395896	0.027519017	0.001012466
1.6449678	0.026869768	0.001014106
1.650346	0.02643258	0.001010336
1.6557242	0.027430859	0.001014378
1.6611024	0.02893015	0.001025398
1.6664806	0.026838233	0.001008123
1.6718588	0.026848623	0.001008808
1.677237	0.025704413	0.001004641
1.6826152	0.027283689	0.001002728
1.6879934	0.024676249	0.000983719
1.6933716	0.025660625	0.00099263
1.6987498	0.023102802	0.000964184
1.704128	0.026345092	0.000998632
1.7095062	0.025833087	0.00097857
1.7148844	0.022750843	0.000969581
1.7202626	0.022408348	0.000965955
1.7256408	0.023692442	0.000968904
1.731019	0.021512686	0.000960773
1.7363972	0.023874929	0.000974139
1.7417754	0.023131049	0.000953303
1.7471536	0.023774005	0.000959028
1.7525318	0.023193261	0.000963382
1.75791		0.023533095	0.00096225
1.7632882	0.021120966	0.000944508
1.7686664	0.020659928	0.00094301
1.7740446	0.020217056	0.000942837
1.7794228	0.020539271	0.000936654
1.784801	0.019844861	0.000941521
1.7901792	0.019825721	0.000938423
1.7955574	0.019652627	0.000922351
1.8009356	0.020483962	0.00093367
1.8063138	0.020864049	0.000934687
1.811692	0.019956417	0.000929257
1.8170702	0.018907223	0.000918527
1.8224484	0.018608274	0.000915913
1.8278266	0.019721165	0.000919121
1.8332048	0.020083485	0.00092261
1.838583	0.018512775	0.000914881
1.8439612	0.018293951	0.000910693
1.8493394	0.017865988	0.000909081
1.8547176	0.017877701	0.000903559
1.8600958	0.017189336	0.000905207
1.865474	0.017155617	0.000904872
1.8708522	0.016416991	0.000897265
1.8762304	0.017642701	0.000899382
1.8816086	0.016454434	0.000892131
1.8869868	0.017149891	0.000890005
1.892365	0.016456778	0.000887163
1.8977432	0.016107646	0.000883853
1.9031214	0.013864223	0.000892986
1.9084996	0.016535013	0.000905764
1.9138778	0.014966225	0.000903931
1.919256	0.01530233	0.000907875
1.9246342	0.01435456	0.000909802
1.9300124	0.013833509	0.00091348
1.9353906	0.016002536	0.000923308
1.9407688	0.015220478	0.000927919
1.946147	0.015367084	0.000921417
1.9515252	0.01409479	0.000922867
1.9569034	0.014280712	0.000922508
1.9622816	0.014189972	0.000934569
1.9676598	0.016076226	0.000940142
1.973038	0.01531602	0.000930088
1.9784162	0.013478364	0.000922543
1.9837944	0.013365509	0.000917829
1.9891726	0.013035636	0.000929271
1.9945508	0.013574342	0.000932497
1.999929	0.012453409	0.000921954
2.0053072	0.011690573	0.000929223
2.0106854	0.012936914	0.000924701
2.0160636	0.012811114	0.00093858
2.0214418	0.012204077	0.000934402
2.02682		0.011187644	0.00091708
2.0321982	0.011971944	0.000931452
2.0375764	0.011944565	0.000926745
2.0429546	0.011193847	0.000930829
2.0483328	0.011244611	0.000926978
2.053711	0.01162221	0.000925087
2.0590892	0.011463853	0.000935735
2.0644674	0.010489068	0.000924372
2.0698456	0.011133234	0.000934329
2.0752238	0.009875862	0.000926444
2.080602	0.01001311	0.000933603
2.0859802	0.01088292	0.000939961
2.0913584	0.011255013	0.000930678
2.0967366	0.010239059	0.000933048
2.1021148	0.010045918	0.000939681
2.107493	0.010424972	0.000922185
2.1128712	0.008600227	0.000900807
2.1182494	0.00806202	0.00089002
2.1236276	0.012458688	0.00090927
2.1290058	0.010148261	0.000892204
2.134384	0.010257814	0.000886464
2.1397622	0.010105031	0.000880874
2.1451404	0.009661265	0.000879954
2.1505186	0.009610642	0.000876662
2.1558968	0.008744448	0.000863983
2.161275	0.009353778	0.000869823
2.1666532	0.009555894	0.00086717
2.1720314	0.009601241	0.000865681
2.1774096	0.009191369	0.000866576
2.1827878	0.009441852	0.000853259
2.188166	0.009996614	0.000865537
2.1935442	0.008726787	0.000857208
2.1989224	0.008542408	0.00085278
2.2043006	0.009145214	0.000850651
2.2096788	0.008199021	0.00084237
2.215057	0.008284259	0.000853753
2.2204352	0.007075512	0.000840819
2.2258134	0.007051976	0.000839932
2.2311916	0.007335064	0.000836833
2.2365698	0.006650584	0.000828149
2.241948	0.006164651	0.000838541
2.2473262	0.006380268	0.000830748
2.2527044	0.007153719	0.000830779
2.2580826	0.006935041	0.000831232
2.2634608	0.006782674	0.000826823
2.268839	0.006420351	0.000826345
2.2742172	0.005619871	0.000817393
2.2795954	0.006366797	0.000820155
2.2849736	0.00596822	0.000815817
2.2903518	0.005530173	0.000816804
2.29573		0.005375902	0.000819122
2.3011082	0.006370765	0.000812998
2.3064864	0.005636716	0.000815825
2.3118646	0.006651556	0.000816567
2.3172428	0.00560195	0.000808583
2.322621	0.00710499	0.000815429
2.3279992	0.006537955	0.000805453
2.3333774	0.006704178	0.000813087
2.3387556	0.005770633	0.000808545
2.3441338	0.005395123	0.000802842
2.349512	0.006214153	0.000809457
2.3548902	0.005378562	0.000799556
2.3602684	0.006203271	0.0008052
2.3656466	0.005931201	0.000802835
2.3710248	0.005738473	0.000801677
2.376403	0.005647047	0.000796935
2.3817812	0.005989722	0.000792661
2.3871594	0.006728556	0.000809603
2.3925376	0.005484784	0.000789714
2.3979158	0.005355892	0.000796585
2.403294	0.005489222	0.000793844
2.4086722	0.004850529	0.000791139
2.4140504	0.005110106	0.000796488
2.4194286	0.004270212	0.000785317
2.4248068	0.005406948	0.000791366
2.430185	0.005362907	0.000792031
2.4355632	0.005102563	0.000786493
2.4409414	0.004922546	0.000790855
2.4463196	0.004542029	0.000778801
2.4516978	0.004540339	0.000786469
2.457076	0.005066745	0.000784455
2.4624542	0.004584691	0.000783473
2.4678324	0.004897446	0.000780519
2.4732106	0.005713116	0.00078153
2.4785888	0.004493061	0.000782222
2.483967	0.004938799	0.000775611
2.4893452	0.005352237	0.000780391
2.4947234	0.00553413	0.000779258
2.5001016	0.005333763	0.000774051
2.5054798	0.004074687	0.000774995
2.510858	0.005559697	0.000772795
2.5162362	0.005595606	0.000776296
2.5216144	0.005368051	0.000771392
2.5269926	0.004697686	0.000767483
2.5323708	0.004412643	0.000775105
2.537749	0.004941349	0.000764552
2.5431272	0.00503178	0.000765805
2.5485054	0.0042234	0.000766823
2.5538836	0.003012203	0.000760642
2.5592618	0.004515297	0.000768513
2.56464		0.002954725	0.000761661
2.5700182	0.003725434	0.000759357
2.5753964	0.004461915	0.000765989
2.5807746	0.004498969	0.000760485
2.5861528	0.003491238	0.000760452
2.591531	0.004186738	0.000763083
2.5969092	0.004217573	0.000760512
2.6022874	0.003587174	0.000757172
2.6076656	0.004894897	0.000771886
2.6130438	0.003809831	0.000773769
2.618422	0.004727947	0.000783102
2.6238002	0.004191206	0.000779924
2.6291784	0.003872489	0.000790519
2.6345566	0.002838228	0.000787441
2.6399348	0.003157824	0.000789049
2.645313	0.003267918	0.000793411
2.6506912	0.003223861	0.000793686
2.6560694	0.003146048	0.000789039
2.6614476	0.003948475	0.000796781
2.6668258	0.00299108	0.000803661
2.672204	0.002216209	0.000799973
2.6775822	0.002553096	0.000795005
2.6829604	0.004141214	0.000803897
2.6883386	0.003564517	0.000800916
2.6937168	0.002917478	0.000801165
2.699095	0.002718376	0.00080111
2.7044732	0.003908632	0.000807572
2.7098514	0.002730199	0.000805176
2.7152296	0.002270771	0.000808275
2.7206078	0.002534232	0.000805156
2.725986	0.002861065	0.000805638
2.7313642	0.00310278	0.000815427
2.7367424	0.002149063	0.000814196
2.7421206	0.003192932	0.000809822
2.7474988	0.002785224	0.00081213
2.752877	0.002398498	0.000807446
2.7582552	0.003247799	0.000809746
2.7636334	0.004021899	0.000817212
2.7690116	0.002152305	0.000811998
2.7743898	0.003385692	0.00081175
2.779768	0.00372508	0.000811896
2.7851462	0.002851714	0.000809936
2.7905244	0.002966121	0.000814459
2.7959026	0.003481412	0.00081352
2.8012808	0.002602637	0.000812791
2.806659	0.002842737	0.000811053
2.8120372	0.002932696	0.000811004
2.8174154	0.00275716	0.000809839
2.8227936	0.00310131	0.000809218
2.8281718	0.002870275	0.000808882
2.83355		0.001769049	0.000808415
2.8389282	0.002215826	0.000809489
2.8443064	0.002135546	0.000813493
2.8496846	0.002845512	0.000809654
2.8550628	0.002890302	0.000814221
2.860441	0.003000737	0.000807826
2.8658192	0.002053748	0.000808258
2.8711974	0.002309768	0.000806393
2.8765756	0.002128079	0.000810259
2.8819538	0.002307614	0.000809182
2.887332	0.002371463	0.000804176
2.8927102	0.002329589	0.000805569
2.8980884	0.002070909	0.000805818
2.9034666	0.002036675	0.000807777
2.9088448	0.002940727	0.000804043
2.914223	0.002549726	0.000805908
2.9196012	0.002648177	0.000809502
2.9249794	0.002721942	0.000807129
2.9303576	0.002764033	0.000805469
2.9357358	0.003581483	0.000804785
2.941114	0.001949822	0.000800461
2.9464922	0.002282946	0.000803996
2.9518704	0.002166603	0.000812589
2.9572486	0.001815512	0.000821089
2.9626268	0.001607657	0.000829367
2.968005	0.002308282	0.00083582
2.9733832	0.002509342	0.000849123
2.9787614	0.002100588	0.000845953
2.9841396	0.000145559	0.000842253
2.9895178	0.001852816	0.000857802
2.994896	0.001337593	0.000852566
3.0002742	0.001646129	0.000862864
3.0056524	0.00219777	0.000859996
3.0110306	0.002360845	0.00086766
3.0164088	0.002421597	0.000878869
3.021787	0.002205198	0.000870021
3.0271652	0.001639697	0.000874995
3.0325434	0.001606417	0.000872942
3.0379216	0.002264365	0.000886318
3.0432998	0.001962108	0.000891465
3.048678	0.001243826	0.000884691
3.0540562	0.001968229	0.000892169
3.0594344	0.002256667	0.000885969
3.0648126	0.002098932	0.000894411
3.0701908	0.002009106	0.000893338
3.075569	0.002116952	0.000891837
3.0809472	0.002199406	0.000901649
3.0863254	0.002579074	0.000899115
3.0917036	0.002544035	0.000905022
3.0970818	0.000759939	0.000902917
3.10246		0.001682016	0.000897977
3.1078382	0.002230517	0.000910115
3.1132164	0.001792575	0.000901436
3.1185946	0.002774021	0.000910354
3.1239728	0.002087184	0.000909187
3.129351	0.001730339	0.00091579
3.1347292	0.002574431	0.000911449
3.1401074	0.002233452	0.000905017
3.1454856	0.002031839	0.000911019
3.1508638	0.001996876	0.00090996
3.156242	0.001415525	0.000916622
3.1616202	0.001941262	0.000912867
3.1669984	0.001962445	0.00090933
3.1723766	0.000531801	0.000913274
3.1777548	0.001293726	0.00091166
3.183133	0.001820172	0.00091645
3.1885112	0.001574824	0.000911359
3.1938894	0.000977617	0.000916514
3.1992676	0.002106905	0.000921329
3.2046458	0.001361055	0.000912364
3.210024	0.001445931	0.000920958
3.2154022	0.002156836	0.000911681
3.2207804	0.001572448	0.00092632
3.2261586	0.00111481	0.000915953
3.2315368	0.000733921	0.000914215
3.236915	0.001226359	0.000918797
3.2422932	0.00119265	0.000914272
3.2476714	0.001247628	0.000922186
3.2530496	0.002175112	0.00091306
3.2584278	0.001511024	0.000912704
3.263806	0.001999244	0.00091654
3.2691842	0.001910405	0.000919895
3.2745624	0.001087686	0.000921655
3.2799406	0.001395599	0.000906728
3.2853188	0.001573729	0.00091514
3.290697	0.002309958	0.000922126
3.2960752	0.002133749	0.000913892
3.3014534	0.002230989	0.000917956
3.3068316	0.001372568	0.000907466
3.3122098	0.001322488	0.000919136
3.317588	0.001651998	0.000919513
3.3229662	0.00211551	0.000910444
3.3283444	0.002351442	0.00092251
3.3337226	0.001794314	0.000904855
3.3391008	0.001827835	0.000915478
3.344479	0.001779942	0.000908268
3.3498572	0.002130381	0.00090903
3.3552354	0.001398962	0.000918172
3.3606136	0.000781855	0.000910172
3.3659918	0.001178813	0.000918204
3.37137		0.002789175	0.000909347
3.3767482	0.002204626	0.000917374
3.3821264	0.003298626	0.000928426
3.3875046	0.003018924	0.000915252
3.3928828	0.001822135	0.000921018
3.398261	0.001112704	0.000910732
3.4036392	0.001751261	0.000922915
3.4090174	0.000905558	0.000914367
3.4143956	0.00199569	0.000915829
3.4197738	0.002766065	0.000923685
3.425152	0.002108959	0.00091832
3.4305302	0.001877772	0.000920697
3.4359084	0.003527135	0.000916658
3.4412866	0.003603875	0.000925382
3.4466648	0.002489418	0.000922049
3.452043	0.001411891	0.000918165
3.4574212	0.001609594	0.000917289
3.4627994	0.001926984	0.000914351
3.4681776	0.001595076	0.000924019
3.4735558	0.001242237	0.000922919
3.478934	0.000904666	0.000917281
3.4843122	0.001883645	0.000924484
3.4896904	0.000697562	0.000915974
3.4950686	0.001290258	0.000925988
3.5004468	0.000928771	0.000918421
3.505825	0.001808043	0.000917937
3.5112032	0.001466045	0.000922507
3.5165814	0.00156732	0.000923495
3.5219596	0.001387525	0.000928944
3.5273378	0.002043866	0.000917441
3.532716	0.001915212	0.000915501
3.5380942	0.001832637	0.000928266
3.5434724	0.001653486	0.000912236
3.5488506	0.001250492	0.000923143
3.5542288	0.001794219	0.000916081
3.559607	0.001883441	0.000917942
3.5649852	0.002063312	0.000923108
3.5703634	0.002375984	0.000914863
3.5757416	0.001093834	0.00091441
3.5811198	0.001758463	0.000913579
3.586498	0.001164273	0.000917526
3.5918762	0.002125418	0.00091334
3.5972544	0.001930476	0.000915531
3.6026326	0.002239491	0.000916363
3.6080108	0.003253051	0.000918137
3.613389	0.002786703	0.000914678
3.6187672	0.002854288	0.000911395
3.6241454	0.001715699	0.000915301
3.6295236	0.001664249	0.000909672