1.23649410E-02  6.35102347E+00  8.04229380E-02
1.27703470E-02  6.17024071E+00  7.17503120E-02
1.31757540E-02  6.11794424E+00  6.97124610E-02
1.35811600E-02  6.24630209E+00  6.40641650E-02
1.39865660E-02  6.19513995E+00  6.23311730E-02
1.43919720E-02  6.18870950E+00  5.86547340E-02
1.47973780E-02  6.22270999E+00  5.55905930E-02
1.52027840E-02  6.11153805E+00  5.57127080E-02
1.56081890E-02  6.08990083E+00  5.01201650E-02
1.60135950E-02  6.11914684E+00  5.00467350E-02
1.64190000E-02  6.00213355E+00  4.82495240E-02
1.68244050E-02  5.95452485E+00  4.62940630E-02
1.72298100E-02  5.93525024E+00  4.63291720E-02
1.76352150E-02  5.90691507E+00  4.31812540E-02
1.80406190E-02  5.76009390E+00  4.26831420E-02
1.84460240E-02  5.66765564E+00  4.13976770E-02
1.88514280E-02  5.64410754E+00  4.03292660E-02
1.92568320E-02  5.52944009E+00  3.90040400E-02
1.96622360E-02  5.47321018E+00  3.84926520E-02
2.00676400E-02  5.39703819E+00  3.74949130E-02
2.04730430E-02  5.35315110E+00  3.65111400E-02
2.08784460E-02  5.23249350E+00  3.52342610E-02
2.12838490E-02  5.17397507E+00  3.48130140E-02
2.16892520E-02  5.05940074E+00  3.38780480E-02
2.20946550E-02  5.03063691E+00  3.33939580E-02
2.25000570E-02  4.89543397E+00  3.26665830E-02
2.29054590E-02  4.81354272E+00  3.15704140E-02
2.33108610E-02  4.75297811E+00  3.12422170E-02
2.37162630E-02  4.69469685E+00  3.02371770E-02
2.41216640E-02  4.59652223E+00  3.00807510E-02
2.45270660E-02  4.52576510E+00  2.92323910E-02
2.49324670E-02  4.45264743E+00  2.91643480E-02
2.53378670E-02  4.35005031E+00  2.81724070E-02
2.57432680E-02  4.27029925E+00  2.75103160E-02
2.61486680E-02  4.19569985E+00  2.69118380E-02
2.65540680E-02  4.12807704E+00  2.68636160E-02
2.69594680E-02  4.04970741E+00  2.62081030E-02
2.73648670E-02  3.94996358E+00  2.57210720E-02
2.77702660E-02  3.86322975E+00  2.47920800E-02
2.81756650E-02  3.78985832E+00  2.46338550E-02
2.85810640E-02  3.72489445E+00  2.43450860E-02
2.89864620E-02  3.63907210E+00  2.38585740E-02
2.93918600E-02  3.56100713E+00  2.31852720E-02
2.97972580E-02  3.52020710E+00  2.30893560E-02
3.02026550E-02  3.42939591E+00  2.25743310E-02
3.06080520E-02  3.34819180E+00  2.19844000E-02
3.10134490E-02  3.26510260E+00  2.18472810E-02
3.14188460E-02  3.20831646E+00  2.12806530E-02
3.18242420E-02  3.12540940E+00  2.08491380E-02
3.22296380E-02  3.04342440E+00  2.01564580E-02
3.26350330E-02  2.99381563E+00  1.97810300E-02
3.30404280E-02  2.93613530E+00  1.92478120E-02
3.34458230E-02  2.88070870E+00  1.88569030E-02
3.38512180E-02  2.80883462E+00  1.87649480E-02
3.42566120E-02  2.74029852E+00  1.79900090E-02
3.46620060E-02  2.69755311E+00  1.75446260E-02
3.50673990E-02  2.63618727E+00  1.72980870E-02
3.54727930E-02  2.59040999E+00  1.70913460E-02
3.58781850E-02  2.50625761E+00  1.66933330E-02
3.62835780E-02  2.45361825E+00  1.61982890E-02
3.66889700E-02  2.38178572E+00  1.58637720E-02
3.70943620E-02  2.31418845E+00  1.56264470E-02
3.74997530E-02  2.24185545E+00  1.50699930E-02
3.79051440E-02  2.18705174E+00  1.47432570E-02
3.83105350E-02  2.14739360E+00  1.44492210E-02
3.87159250E-02  2.09928438E+00  1.43936630E-02
3.91213150E-02  2.05912597E+00  1.39045960E-02
3.95267040E-02  1.99029548E+00  1.36505160E-02
3.99320930E-02  1.95239435E+00  1.33432570E-02
4.03374820E-02  1.88736144E+00  1.30370290E-02
4.07428700E-02  1.83351110E+00  1.27475080E-02
4.11482580E-02  1.78664047E+00  1.24213690E-02
4.15536450E-02  1.73485777E+00  1.21871470E-02
4.19590320E-02  1.69189588E+00  1.19266130E-02
4.23644190E-02  1.62987546E+00  1.17412750E-02
4.27698050E-02  1.59288908E+00  1.15937630E-02
4.31751910E-02  1.55357478E+00  1.14718700E-02
4.35805760E-02  1.50524966E+00  1.12414510E-02
4.39859610E-02  1.44950906E+00  1.10789990E-02
4.43913460E-02  1.40432525E+00  1.08911600E-02
4.47967300E-02  1.36798309E+00  1.05789460E-02
4.52021130E-02  1.32076107E+00  1.04985330E-02
4.56074960E-02  1.26504381E+00  1.03763290E-02
4.60128790E-02  1.23017042E+00  1.01519230E-02
4.64182610E-02  1.18831269E+00  1.00353820E-02
4.68236430E-02  1.14749235E+00  9.68257800E-03
4.72290240E-02  1.10582327E+00  9.75130400E-03
4.76344050E-02  1.06409326E+00  9.44621900E-03
4.80397850E-02  1.02670852E+00  9.34337900E-03
4.84451650E-02  1.00064633E+00  9.21062200E-03
4.88505440E-02  9.80136929E-01  8.98961300E-03
4.92559230E-02  9.44792994E-01  8.94973600E-03
4.96613010E-02  9.06072489E-01  8.70579200E-03
5.00666790E-02  8.64358207E-01  8.53810300E-03
5.04720570E-02  8.36814674E-01  8.47479500E-03
5.08774330E-02  8.13261427E-01  8.07704300E-03
5.12828100E-02  7.71465791E-01  7.96212200E-03
5.16881860E-02  7.65821439E-01  7.82966800E-03
5.20935610E-02  7.46807514E-01  7.71057900E-03
5.24989360E-02  7.21782463E-01  7.85836900E-03
5.29043100E-02  6.93082185E-01  7.57568800E-03
5.33096840E-02  6.68632659E-01  7.65322400E-03
5.37150570E-02  6.41475381E-01  7.41864100E-03
5.41204300E-02  6.24311475E-01  7.44629200E-03
5.45258020E-02  6.04461930E-01  7.40384200E-03
5.49311730E-02  5.80906958E-01  7.18454800E-03
5.53365440E-02  5.62351164E-01  7.28360200E-03
5.57419150E-02  5.47028166E-01  7.15184000E-03
5.61472850E-02  5.25414071E-01  7.05296600E-03
5.65526540E-02  5.07156898E-01  7.03701400E-03
5.69580230E-02  4.89720169E-01  6.87834200E-03
5.73633910E-02  4.77564301E-01  6.93125400E-03
5.77687590E-02  4.58326044E-01  6.80019900E-03
5.81741260E-02  4.41350491E-01  6.72426300E-03
5.85794920E-02  4.28965189E-01  6.75559200E-03
5.89848580E-02  4.16444796E-01  6.57560200E-03
5.93902240E-02  3.99642525E-01  6.59899500E-03
5.97955880E-02  3.81768313E-01  6.52257700E-03
6.02009520E-02  3.70670970E-01  6.50161400E-03
6.06063160E-02  3.61452834E-01  6.43551900E-03
6.10116790E-02  3.50942992E-01  6.31864300E-03
6.14170410E-02  3.46990362E-01  6.33535500E-03
6.18224030E-02  3.32272362E-01  6.22772700E-03
6.22277640E-02  3.17724694E-01  6.22531800E-03
6.26331240E-02  3.08352567E-01  6.21253800E-03
6.30384840E-02  2.97046819E-01  6.09384500E-03
6.34438430E-02  2.88913018E-01  6.08572300E-03
6.38492020E-02  2.77887538E-01  6.01370800E-03
6.42545600E-02  2.68547929E-01  5.98879900E-03
6.46599170E-02  2.67256592E-01  5.95300900E-03
6.50652740E-02  2.60004013E-01  5.90963400E-03
6.54706300E-02  2.52548689E-01  5.84575200E-03
6.58759850E-02  2.47195834E-01  5.83214300E-03
6.62813400E-02  2.40043485E-01  5.78043200E-03
6.66866940E-02  2.39866884E-01  5.70931800E-03
6.70920470E-02  2.33233479E-01  5.74165300E-03
6.74974000E-02  2.24462139E-01  5.67531800E-03
6.79027520E-02  2.17355129E-01  5.64079200E-03
6.83081030E-02  2.12900825E-01  5.57274400E-03
6.87134540E-02  2.04399513E-01  5.54928700E-03
6.91188040E-02  2.02401878E-01  5.51029900E-03
6.95241530E-02  2.04083015E-01  5.50129100E-03
6.99295010E-02  1.94946258E-01  5.48103800E-03
7.03348490E-02  1.95054956E-01  5.41500400E-03
7.07401960E-02  1.91900125E-01  5.36980700E-03
7.11455430E-02  1.86534769E-01  5.38530600E-03
7.15508890E-02  1.80818827E-01  5.30803600E-03
7.19562340E-02  1.76904531E-01  5.34930600E-03
7.23615780E-02  1.74302792E-01  5.26560800E-03
7.27669220E-02  1.75354299E-01  5.22560300E-03
7.31722640E-02  1.76163563E-01  5.19944000E-03
7.35776070E-02  1.70768698E-01  5.17835000E-03
7.39829480E-02  1.67327936E-01  5.15061100E-03
7.43882890E-02  1.64287547E-01  5.09220300E-03
7.47936280E-02  1.63683752E-01  5.14319700E-03
7.51989680E-02  1.62947743E-01  5.05010900E-03
7.56043060E-02  1.56947001E-01  5.05809600E-03
7.60096440E-02  1.57503411E-01  5.02757100E-03
7.64149810E-02  1.56502667E-01  4.97654400E-03
7.68203170E-02  1.58104662E-01  4.98631500E-03
7.72256520E-02  1.54875493E-01  4.93345100E-03
7.76309870E-02  1.54754698E-01  4.89212800E-03
7.80363200E-02  1.50917213E-01  4.90900900E-03
7.84416530E-02  1.49571414E-01  4.86067200E-03
7.88469860E-02  1.53605779E-01  4.87734700E-03
7.92523170E-02  1.51883667E-01  4.82327200E-03
7.96576480E-02  1.49414866E-01  4.78302800E-03
8.00629780E-02  1.48390750E-01  4.81427700E-03
8.04683070E-02  1.42451060E-01  4.76004800E-03
8.08736350E-02  1.41436519E-01  4.74346500E-03
8.12789630E-02  1.39884954E-01  4.68354600E-03
8.16842890E-02  1.41105261E-01  4.72273600E-03
8.20896150E-02  1.41314796E-01  4.66797800E-03
8.24949400E-02  1.39710030E-01  4.63425000E-03
8.29002640E-02  1.34081069E-01  4.61787300E-03
8.33055880E-02  1.29582008E-01  4.62197100E-03
8.37109100E-02  1.30217429E-01  4.59169000E-03
8.41162320E-02  1.32411600E-01  4.57140300E-03
8.45215530E-02  1.31514559E-01  4.52696800E-03
8.49268730E-02  1.26872200E-01  4.50433500E-03
8.53321920E-02  1.26993922E-01  4.51427300E-03
8.57375100E-02  1.27929928E-01  4.47315100E-03
8.61428270E-02  1.27175150E-01  4.43741800E-03
8.65481440E-02  1.24147096E-01  4.44773600E-03
8.69534600E-02  1.24110688E-01  4.39532600E-03
8.73587750E-02  1.23757926E-01  4.42913800E-03
8.77640890E-02  1.20860444E-01  4.36247500E-03
8.81694020E-02  1.20036265E-01  4.35624700E-03
8.85747140E-02  1.22014834E-01  4.37928700E-03
8.89800250E-02  1.21201538E-01  4.31579800E-03
8.93853360E-02  1.18233203E-01  4.28862800E-03
8.97906450E-02  1.15312837E-01  4.26585600E-03
9.01959540E-02  1.13888323E-01  4.28301300E-03
9.06012620E-02  1.10300362E-01  4.26266300E-03
9.10065680E-02  1.12822947E-01  4.20006000E-03
9.14118740E-02  1.13669142E-01  4.21626900E-03
9.18171790E-02  1.12038233E-01  4.18727400E-03
9.22224830E-02  1.09342698E-01  4.17312800E-03
9.26277870E-02  1.06577059E-01  4.17778200E-03
9.30330890E-02  1.06235679E-01  4.08608800E-03
9.34383900E-02  1.06224725E-01  4.17148300E-03
9.38436910E-02  1.00455023E-01  4.07459300E-03
9.42489900E-02  1.01209693E-01  4.04056000E-03
9.46542880E-02  9.53831020E-02  4.07899500E-03
9.50595860E-02  8.99516040E-02  4.00352500E-03
9.54648830E-02  8.98692140E-02  4.07216900E-03
9.58701780E-02  9.01159420E-02  4.00561300E-03
9.62754730E-02  9.00094320E-02  3.97387700E-03
9.66807670E-02  9.23360290E-02  3.98413000E-03
9.70860600E-02  8.68947310E-02  3.92962600E-03
9.74913510E-02  8.40190380E-02  3.94734300E-03
9.78966420E-02  8.24775590E-02  3.92145300E-03
9.83019320E-02  8.09796130E-02  3.88842400E-03
9.87072210E-02  8.07598130E-02  3.92316000E-03
9.91125090E-02  8.20192260E-02  3.84712000E-03
9.95177960E-02  7.94386930E-02  3.87674100E-03
9.99230810E-02  7.66920740E-02  3.83233300E-03
1.00328370E-01  7.48736810E-02  3.83538900E-03
1.00733650E-01  7.27436310E-02  3.83084100E-03
1.01138930E-01  7.07647530E-02  3.76796800E-03
1.01544220E-01  6.98327320E-02  3.78849300E-03
1.01949500E-01  6.87890620E-02  3.75770200E-03
1.02354780E-01  6.75357740E-02  3.76185100E-03
1.02760050E-01  6.48736370E-02  3.73126500E-03
1.03165330E-01  6.34031650E-02  3.71714800E-03
1.03570610E-01  5.95778130E-02  3.69731600E-03
1.03975880E-01  5.77250700E-02  3.67844700E-03
1.04381160E-01  5.82968710E-02  3.66402300E-03
1.04786430E-01  5.81906820E-02  3.67392600E-03
1.05191710E-01  5.77026740E-02  3.64827200E-03
1.05596980E-01  5.40076430E-02  3.63796600E-03
1.06002250E-01  5.37528390E-02  3.61462200E-03
1.06407520E-01  5.25861630E-02  3.59314600E-03
1.06812790E-01  5.13925230E-02  3.58445800E-03
1.07218050E-01  5.09990360E-02  3.57586300E-03
1.07623320E-01  4.97841290E-02  3.56802400E-03
1.08028580E-01  4.83072110E-02  3.56369300E-03
1.08433850E-01  4.65898330E-02  3.52287600E-03
1.08839110E-01  4.75491150E-02  3.52573000E-03
1.09244370E-01  4.78577870E-02  3.51357500E-03
1.09649630E-01  4.64530650E-02  3.49873600E-03
1.10054890E-01  4.52637900E-02  3.50111000E-03
1.10460150E-01  4.35797510E-02  3.46843900E-03
1.10865410E-01  4.22825980E-02  3.45843200E-03
1.11270670E-01  4.09513330E-02  3.45274800E-03
1.11675920E-01  3.45063520E-02  3.43529100E-03
1.12081180E-01  3.41970620E-02  3.44843800E-03
1.12486430E-01  3.62501580E-02  3.42522800E-03
1.12891680E-01  3.54546680E-02  3.40173400E-03
1.13296930E-01  3.47551380E-02  3.39519400E-03
1.13702180E-01  3.29860330E-02  3.37099000E-03
1.14107430E-01  3.10772100E-02  3.37751800E-03
1.14512680E-01  3.08645230E-02  3.34541200E-03
1.14917920E-01  3.12387180E-02  3.37158600E-03
1.15323170E-01  3.08331470E-02  3.33727600E-03
1.15728410E-01  2.76082000E-02  3.30979000E-03
1.16133660E-01  2.48476880E-02  3.31290900E-03
1.16538900E-01  2.51962760E-02  3.30048100E-03
1.16944140E-01  2.33375980E-02  3.29956200E-03
1.17349380E-01  2.12868930E-02  3.28435900E-03
1.17754610E-01  2.04974440E-02  3.27321200E-03
1.18159850E-01  2.19994230E-02  3.26421900E-03
1.18565090E-01  2.30827110E-02  3.25674500E-03
1.18970320E-01  2.33712220E-02  3.25871600E-03
1.19375560E-01  2.20486280E-02  3.23877500E-03
1.19780790E-01  2.01539590E-02  3.22159000E-03
1.20186020E-01  2.19837700E-02  3.21669300E-03
1.20591250E-01  2.12527810E-02  3.19153400E-03
1.20996480E-01  2.02244430E-02  3.21438400E-03
1.21401700E-01  1.92023960E-02  3.19255100E-03
1.21806930E-01  1.66681070E-02  3.18296700E-03
1.22212160E-01  1.67310260E-02  3.17659300E-03
1.22617380E-01  1.79673650E-02  3.16039300E-03
1.23022600E-01  1.67605110E-02  3.17276800E-03
1.23427820E-01  1.44421920E-02  3.14549300E-03
1.23833040E-01  1.56109980E-02  3.14869600E-03
1.24238260E-01  1.88102650E-02  3.13086800E-03
1.24643480E-01  1.57089320E-02  3.12345500E-03
1.25048700E-01  1.59791980E-02  3.12237600E-03
1.25453910E-01  1.83510160E-02  3.11803200E-03
1.25859120E-01  1.73102850E-02  3.08872800E-03
1.26264340E-01  1.86088060E-02  3.11526100E-03
1.26669550E-01  1.85915360E-02  3.09584600E-03
1.27074760E-01  1.74572940E-02  3.06916300E-03
1.27479970E-01  1.55321410E-02  3.08162200E-03
1.27885170E-01  1.53426470E-02  3.06581800E-03
1.28290380E-01  1.54496920E-02  3.05739000E-03
1.28695590E-01  1.64096280E-02  3.06173000E-03
1.29100790E-01  1.60830920E-02  3.03071200E-03
1.29505990E-01  1.32569130E-02  3.05507800E-03
1.29911190E-01  1.40644170E-02  3.02107600E-03
1.30316390E-01  1.50276830E-02  3.01358000E-03
1.30721590E-01  1.64081770E-02  3.02799300E-03
1.31126790E-01  1.60857320E-02  2.99534100E-03
1.31531980E-01  1.55860560E-02  3.02985200E-03
1.31937180E-01  1.33825730E-02  2.99748300E-03
1.32342370E-01  1.22815750E-02  2.98384000E-03
1.32747560E-01  1.38084470E-02  2.99052500E-03
1.33152750E-01  1.75214260E-02  2.96718700E-03
1.33557940E-01  1.63101000E-02  2.98858700E-03
1.33963130E-01  1.56708360E-02  2.95142800E-03
1.34368320E-01  1.66756720E-02  2.93725100E-03
1.34773500E-01  1.61758290E-02  2.96448000E-03
1.35178690E-01  1.71407960E-02  2.92420100E-03
1.35583870E-01  1.64177520E-02  2.94598500E-03
1.35989050E-01  1.56422910E-02  2.91689900E-03
1.36394230E-01  1.61851420E-02  2.93025500E-03
1.36799410E-01  1.54385470E-02  2.92672500E-03
1.37204590E-01  1.61228530E-02  2.90640400E-03
1.37609760E-01  1.60611710E-02  2.90866000E-03
1.38014940E-01  1.44515760E-02  2.90954100E-03
1.38420110E-01  1.37559950E-02  2.89838500E-03
1.38825280E-01  1.49007390E-02  2.89435200E-03
1.39230450E-01  1.48653780E-02  2.85279800E-03
1.39635620E-01  1.50605580E-02  2.90316100E-03
1.40040790E-01  1.57319710E-02  2.86397300E-03
1.40445950E-01  1.55915270E-02  2.87229900E-03
1.40851120E-01  1.56891650E-02  2.87287100E-03
1.41256280E-01  1.75095080E-02  2.83138500E-03
1.41661440E-01  1.47727960E-02  2.89010200E-03
1.42066600E-01  1.41353280E-02  2.88630300E-03
1.42471760E-01  1.44457720E-02  2.88883100E-03
1.42876920E-01  1.42989770E-02  2.91553000E-03
1.43282080E-01  1.46094680E-02  2.89738100E-03
1.43687230E-01  1.49445330E-02  2.90500700E-03
1.44092380E-01  1.35372770E-02  2.89647600E-03
1.44497540E-01  1.43670940E-02  2.89574600E-03
1.44902690E-01  1.29918810E-02  2.92451200E-03
1.45307830E-01  1.39700980E-02  2.91222700E-03
1.45712980E-01  1.49558790E-02  2.90088000E-03
1.46118130E-01  1.41651940E-02  2.89529300E-03
1.46523270E-01  1.44494000E-02  2.89788300E-03
1.46928420E-01  1.49947610E-02  2.91677800E-03
1.47333560E-01  1.51437200E-02  2.90878900E-03
1.47738700E-01  1.42315620E-02  2.89243400E-03
1.48143840E-01  1.48296370E-02  2.91241800E-03
1.48548970E-01  1.60300090E-02  2.89913300E-03
1.48954110E-01  1.48343230E-02  2.90568800E-03
1.49359240E-01  1.30205570E-02  2.89971700E-03
1.49764380E-01  1.25433250E-02  2.88972800E-03
1.50169510E-01  1.02929790E-02  2.91014800E-03
1.50574640E-01  9.95715400E-03  2.89543700E-03
1.50979760E-01  1.13996750E-02  2.88155300E-03
1.51384890E-01  1.42706820E-02  2.88178100E-03
1.51790020E-01  1.53444310E-02  2.89903400E-03
1.52195140E-01  1.52326040E-02  2.90879100E-03
1.52600260E-01  1.52399310E-02  2.87714800E-03
1.53005380E-01  1.28930070E-02  2.88114300E-03
1.53410500E-01  1.37658910E-02  2.88075400E-03
1.53815620E-01  1.22295510E-02  2.88394500E-03
1.54220740E-01  1.56071440E-02  2.88049000E-03
1.54625850E-01  1.58673950E-02  2.87087400E-03
1.55030960E-01  1.35662870E-02  2.89159300E-03
1.55436070E-01  1.28960040E-02  2.86319800E-03
1.55841180E-01  1.10100060E-02  2.86368100E-03
1.56246290E-01  1.14174800E-02  2.87506300E-03
1.56651400E-01  1.35308310E-02  2.84613000E-03
1.57056500E-01  1.39097600E-02  2.88970800E-03
1.57461610E-01  1.29304250E-02  2.85916500E-03
1.57866710E-01  1.26692820E-02  2.85897600E-03
1.58271810E-01  1.17798880E-02  2.86736600E-03
1.58676910E-01  1.10227440E-02  2.84845000E-03
1.59082010E-01  1.02546330E-02  2.85986500E-03
1.59487100E-01  1.00241650E-02  2.84055600E-03
1.59892200E-01  7.97786000E-03  2.83723800E-03
1.60297290E-01  8.25680800E-03  2.85203400E-03
1.60702380E-01  8.92424900E-03  2.83608900E-03
1.61107470E-01  9.68768500E-03  2.84882600E-03
1.61512560E-01  1.13123610E-02  2.83290400E-03
1.61917640E-01  1.27909450E-02  2.84047300E-03
1.62322730E-01  1.16428460E-02  2.84374500E-03
1.62727810E-01  1.10549050E-02  2.82696000E-03
1.63132890E-01  1.23329450E-02  2.81177200E-03
1.63537970E-01  1.26304480E-02  2.82158200E-03
1.63943050E-01  1.22678250E-02  2.82486000E-03
1.64348130E-01  1.06093820E-02  2.81853400E-03
1.64753200E-01  1.06857050E-02  2.80676500E-03
1.65158270E-01  1.35392760E-02  2.80320300E-03
1.65563340E-01  1.27348290E-02  2.82658300E-03
1.65968410E-01  9.46242600E-03  2.81062600E-03
1.66373480E-01  9.02176700E-03  2.79956900E-03
1.66778550E-01  9.71548100E-03  2.79994100E-03
1.67183610E-01  1.17493210E-02  2.79619100E-03
1.67588680E-01  1.01532260E-02  2.79758300E-03
1.67993740E-01  1.05450950E-02  2.78508200E-03
1.68398800E-01  1.00042660E-02  2.78821300E-03
1.68803860E-01  1.12721600E-02  2.79445800E-03
1.69208910E-01  1.02757930E-02  2.78397100E-03
1.69613970E-01  1.07001920E-02  2.78758400E-03
1.70019020E-01  1.35872440E-02  2.77961700E-03
1.70424070E-01  1.22857970E-02  2.79166000E-03
1.70829120E-01  1.09005810E-02  2.78748800E-03
1.71234170E-01  9.06829600E-03  2.76509300E-03
1.71639210E-01  9.88938200E-03  2.77519900E-03
1.72044260E-01  9.80886000E-03  2.76090400E-03
1.72449300E-01  8.72663100E-03  2.76693500E-03
1.72854340E-01  9.59321100E-03  2.77348600E-03
1.73259380E-01  1.02000050E-02  2.73259400E-03
1.73664420E-01  1.08032530E-02  2.77187700E-03
1.74069460E-01  1.12417950E-02  2.74195300E-03
1.74474490E-01  8.54735400E-03  2.75388300E-03
1.74879520E-01  9.42691000E-03  2.75312800E-03
1.75284550E-01  8.80583300E-03  2.73594400E-03
1.75689580E-01  1.12319700E-02  2.77824200E-03
1.76094610E-01  1.06749890E-02  2.73983600E-03
1.76499630E-01  1.04638480E-02  2.74137700E-03
1.76904660E-01  8.89183800E-03  2.74899500E-03
1.77309680E-01  9.10081400E-03  2.72915000E-03
1.77714700E-01  1.07430460E-02  2.75072400E-03
1.78119720E-01  1.43899660E-02  2.72901900E-03
1.78524730E-01  1.38028570E-02  2.72892000E-03
1.78929750E-01  1.40459930E-02  2.73463600E-03
1.79334760E-01  1.42082620E-02  2.71144300E-03
1.79739770E-01  1.22381740E-02  2.73407300E-03
1.80144780E-01  1.01855300E-02  2.71442900E-03
1.80549790E-01  1.03264250E-02  2.71757400E-03
1.80954790E-01  1.20999540E-02  2.73323300E-03
1.81359800E-01  1.23529620E-02  2.71324200E-03
1.81764800E-01  1.39872850E-02  2.70579200E-03
1.82169800E-01  1.12088010E-02  2.70094900E-03
1.82574800E-01  1.11332860E-02  2.71063400E-03
1.82979800E-01  1.03818150E-02  2.70477700E-03
1.83384790E-01  8.36450800E-03  2.69336300E-03
1.83789780E-01  8.86337600E-03  2.69093900E-03
1.84194770E-01  8.81643000E-03  2.69351600E-03
1.84599760E-01  8.99464900E-03  2.70326200E-03
1.85004750E-01  1.08340350E-02  2.69801600E-03
1.85409740E-01  1.27423940E-02  2.70190400E-03
1.85814720E-01  1.19408130E-02  2.68571800E-03
1.86219700E-01  1.26738730E-02  2.67595000E-03
1.86624680E-01  1.08747720E-02  2.68178800E-03
1.87029660E-01  9.71353100E-03  2.68284300E-03
1.87434640E-01  1.12916420E-02  2.67397400E-03
1.87839610E-01  1.40843030E-02  2.67734100E-03
1.88244580E-01  1.25474040E-02  2.67746200E-03
1.88649560E-01  1.31271150E-02  2.66150000E-03
1.89054520E-01  1.44504820E-02  2.66239000E-03
1.89459490E-01  1.28605600E-02  2.66205500E-03
1.89864460E-01  1.28172780E-02  2.66905700E-03
1.90269420E-01  1.27787890E-02  2.67864900E-03
1.90674380E-01  1.00001630E-02  2.65367500E-03
1.91079340E-01  9.12451900E-03  2.65054300E-03
1.91484300E-01  1.05173820E-02  2.65456300E-03
1.91889250E-01  9.83530100E-03  2.64694600E-03
1.92294210E-01  1.19945740E-02  2.65818000E-03
1.92699160E-01  1.26173410E-02  2.63086200E-03
1.93104110E-01  1.18206250E-02  2.65952200E-03
1.93509060E-01  1.22228190E-02  2.63140600E-03
1.93914000E-01  1.21228620E-02  2.64004000E-03
1.94318950E-01  1.12008680E-02  2.64756500E-03
1.94723890E-01  1.08293250E-02  2.63227700E-03
1.95128830E-01  1.06626190E-02  2.65126800E-03
1.95533770E-01  1.11514130E-02  2.61747800E-03
1.95938700E-01  1.26159850E-02  2.62193100E-03
1.96343640E-01  1.21199720E-02  2.63140000E-03
1.96748570E-01  1.24549290E-02  2.62124800E-03
1.97153500E-01  1.12194580E-02  2.63503700E-03
1.97558430E-01  1.03093930E-02  2.61073400E-03
1.97963350E-01  1.04780730E-02  2.61036900E-03
1.98368280E-01  1.23717550E-02  2.61972700E-03
1.98773200E-01  1.22825020E-02  2.61155100E-03
1.99178120E-01  1.19072250E-02  2.59572800E-03
1.99583040E-01  1.29197560E-02  2.60214900E-03
1.99987960E-01  1.10504930E-02  2.61044700E-03
2.00392870E-01  1.14988230E-02  2.60104400E-03
2.00797780E-01  1.11502110E-02  2.58478500E-03
2.01202690E-01  1.14987750E-02  2.59642400E-03
2.01607600E-01  1.15714950E-02  2.59410200E-03
2.02012510E-01  9.83090000E-03  2.60554800E-03
2.02417410E-01  9.77150200E-03  2.58003700E-03
2.02822310E-01  1.07212450E-02  2.57935000E-03
2.03227210E-01  1.05655650E-02  2.58942200E-03
2.03632110E-01  8.71359500E-03  2.58690300E-03
2.04037010E-01  9.47820900E-03  2.57719900E-03
2.04441900E-01  1.19691570E-02  2.57857500E-03
2.04846800E-01  1.11483680E-02  2.57429800E-03
2.05251690E-01  9.32065000E-03  2.57285400E-03
2.05656570E-01  7.73013300E-03  2.56864900E-03
2.06061460E-01  7.28130300E-03  2.55523600E-03
2.06466340E-01  1.10789550E-02  2.57146600E-03
2.06871230E-01  1.08696210E-02  2.57951900E-03
2.07276110E-01  9.94806700E-03  2.56628600E-03
2.07680980E-01  8.77432600E-03  2.55140500E-03
2.08085860E-01  8.60406400E-03  2.54392700E-03
2.08490730E-01  9.67613600E-03  2.56494600E-03
2.08895610E-01  1.17474060E-02  2.56254700E-03
2.09300470E-01  9.27941400E-03  2.54242200E-03
2.09705340E-01  8.58473600E-03  2.56034700E-03
2.10110210E-01  8.93552400E-03  2.55410000E-03
2.10515070E-01  8.15205800E-03  2.54042400E-03
2.10919930E-01  9.15091200E-03  2.53788500E-03
2.11324790E-01  7.50364800E-03  2.53305300E-03
2.11729650E-01  6.43013700E-03  2.54590700E-03
2.12134500E-01  7.54276800E-03  2.52716300E-03
2.12539360E-01  9.47954100E-03  2.51952500E-03
2.12944210E-01  9.38311700E-03  2.52633100E-03
2.13349050E-01  1.07048190E-02  2.51451400E-03
2.13753900E-01  1.16706190E-02  2.54959400E-03
2.14158740E-01  1.00063360E-02  2.52102200E-03
2.14563590E-01  9.01555800E-03  2.51747500E-03
2.14968430E-01  9.15570500E-03  2.52069500E-03
2.15373260E-01  1.00546490E-02  2.51726400E-03
2.15778100E-01  1.02687040E-02  2.51399600E-03
2.16182930E-01  7.44942400E-03  2.50308700E-03
2.16587760E-01  8.03835200E-03  2.51279300E-03
2.16992590E-01  9.46252100E-03  2.51612700E-03
2.17397420E-01  9.72651900E-03  2.50496600E-03
2.17802250E-01  8.30241000E-03  2.50473800E-03
2.18207070E-01  6.26632200E-03  2.49284400E-03
2.18611890E-01  6.93371500E-03  2.49468300E-03
2.19016710E-01  8.26448000E-03  2.50551700E-03
2.19421520E-01  9.25149900E-03  2.48833300E-03
2.19826340E-01  9.23158800E-03  2.50362300E-03
2.20231150E-01  1.03695760E-02  2.48522500E-03
2.20635960E-01  1.11202620E-02  2.48914700E-03
2.21040770E-01  9.78452500E-03  2.48762600E-03
2.21445570E-01  8.13268300E-03  2.47208400E-03
2.21850370E-01  7.75840500E-03  2.48779300E-03
2.22255170E-01  8.15745800E-03  2.47350500E-03
2.22659970E-01  9.31027800E-03  2.47739600E-03
2.23064770E-01  9.12153300E-03  2.47885700E-03
2.23469560E-01  1.00805540E-02  2.47452100E-03
2.23874360E-01  7.38587500E-03  2.47048700E-03
2.24279140E-01  7.91927000E-03  2.46799300E-03
2.24683930E-01  1.02744130E-02  2.46490800E-03
2.25088720E-01  8.07806600E-03  2.47425600E-03
2.25493500E-01  8.10009400E-03  2.45862400E-03
2.25898280E-01  8.80451200E-03  2.46991200E-03
2.26303060E-01  7.75708500E-03  2.45948900E-03
2.26707830E-01  6.42383300E-03  2.45031300E-03
2.27112610E-01  7.02902100E-03  2.45752800E-03
2.27517380E-01  7.46809700E-03  2.45539400E-03
2.27922150E-01  6.39249300E-03  2.44054400E-03
2.28326920E-01  5.79942500E-03  2.44716300E-03
2.28731680E-01  3.52158100E-03  2.43664900E-03
2.29136440E-01  4.76987400E-03  2.44592700E-03
2.29541200E-01  5.69227300E-03  2.44658800E-03
2.29945960E-01  7.14040800E-03  2.43615400E-03
2.30350720E-01  7.23175300E-03  2.45398600E-03
2.30755470E-01  7.66937900E-03  2.43534600E-03
2.31160220E-01  6.68835500E-03  2.43380000E-03
2.31564970E-01  6.99979700E-03  2.43077700E-03
2.31969720E-01  7.87600000E-03  2.41837600E-03
2.32374460E-01  8.02498400E-03  2.43813500E-03
2.32779200E-01  8.31049800E-03  2.42266400E-03
2.33183940E-01  7.59826500E-03  2.42882400E-03
2.33588680E-01  8.50114600E-03  2.41819200E-03
2.33993410E-01  8.99711100E-03  2.41376200E-03
2.34398150E-01  8.73096000E-03  2.43820200E-03
2.34802880E-01  7.27951900E-03  2.40644100E-03
2.35207600E-01  6.98035100E-03  2.41634400E-03
2.35612330E-01  8.65449400E-03  2.40810200E-03
2.36017050E-01  8.42887800E-03  2.40571900E-03
2.36421770E-01  9.34016800E-03  2.41890000E-03
2.36826490E-01  8.62468800E-03  2.39548000E-03
2.37231210E-01  7.42165200E-03  2.41740600E-03
2.37635920E-01  6.20327200E-03  2.40966700E-03
2.38040630E-01  6.01662100E-03  2.40283300E-03
2.38445340E-01  6.81382400E-03  2.40542600E-03
2.38850050E-01  8.83433100E-03  2.38853200E-03
2.39254750E-01  8.00839200E-03  2.41168100E-03
2.39659450E-01  6.65324400E-03  2.39475800E-03
2.40064150E-01  8.94292200E-03  2.39022400E-03
2.40468850E-01  9.06028000E-03  2.39754100E-03
2.40873540E-01  7.42099700E-03  2.37773600E-03
2.41278240E-01  7.91481000E-03  2.39226900E-03
2.41682930E-01  8.19826600E-03  2.38383100E-03
2.42087610E-01  9.40908100E-03  2.38416300E-03
2.42492300E-01  9.63329400E-03  2.38387800E-03
2.42896980E-01  8.74699300E-03  2.38343900E-03
2.43301660E-01  1.01170090E-02  2.37803000E-03
2.43706340E-01  1.04976740E-02  2.37664100E-03
2.44111010E-01  8.37571200E-03  2.36776000E-03
2.44515690E-01  9.93974100E-03  2.37870000E-03
2.44920360E-01  9.50140200E-03  2.37445600E-03
2.45325030E-01  7.65140700E-03  2.36165400E-03
2.45729690E-01  8.72788000E-03  2.37130500E-03
2.46134350E-01  8.38135000E-03  2.36433500E-03
2.46539010E-01  8.61813400E-03  2.37257700E-03
2.46943670E-01  7.84551600E-03  2.36405300E-03
2.47348330E-01  8.23862300E-03  2.36008900E-03
2.47752980E-01  8.72665500E-03  2.36877200E-03
2.48157630E-01  9.18176400E-03  2.35680900E-03
2.48562280E-01  9.54874000E-03  2.35255000E-03
2.48966930E-01  7.75803600E-03  2.35774800E-03
2.49371570E-01  8.38592900E-03  2.35215200E-03
2.49776210E-01  9.04053600E-03  2.36129700E-03
2.50180850E-01  8.27162800E-03  2.34740900E-03
2.50585480E-01  8.33884100E-03  2.33959900E-03
2.50990120E-01  8.17490700E-03  2.34839000E-03
2.51394750E-01  9.40171900E-03  2.34043300E-03
2.51799380E-01  8.95140300E-03  2.35902500E-03
2.52204000E-01  8.15634000E-03  2.33235000E-03
2.52608630E-01  8.50934100E-03  2.34203100E-03
2.53013250E-01  7.82539100E-03  2.34357400E-03
2.53417860E-01  8.04267000E-03  2.33502100E-03
2.53822480E-01  9.69394100E-03  2.34416300E-03
2.54227090E-01  9.00263000E-03  2.33288100E-03
2.54631700E-01  7.05713800E-03  2.34085200E-03
2.55036310E-01  5.91152600E-03  2.33802600E-03
2.55440920E-01  5.88996200E-03  2.31505500E-03
2.55845520E-01  7.15832000E-03  2.32203000E-03
2.56250120E-01  7.67795400E-03  2.32321500E-03
2.56654720E-01  7.66274200E-03  2.32316000E-03
2.57059310E-01  7.19495300E-03  2.32200200E-03
2.57463910E-01  5.88265900E-03  2.30765100E-03
2.57868500E-01  4.39871200E-03  2.31647000E-03
2.58273080E-01  5.44140600E-03  2.30556300E-03
2.58677670E-01  6.56671500E-03  2.31140700E-03
2.59082250E-01  5.95691300E-03  2.31673900E-03
2.59486830E-01  7.38193800E-03  2.30296800E-03
2.59891410E-01  7.21016600E-03  2.31857000E-03
2.60295980E-01  5.43210500E-03  2.30353700E-03
2.60700560E-01  5.71570400E-03  2.30004100E-03
2.61105130E-01  7.65444000E-03  2.29976300E-03
2.61509690E-01  7.23667700E-03  2.29973900E-03
2.61914260E-01  6.53712300E-03  2.30534600E-03
2.62318820E-01  7.33293500E-03  2.29780000E-03
2.62723380E-01  8.38144500E-03  2.29632400E-03
2.63127930E-01  9.07349400E-03  2.29745000E-03
2.63532490E-01  8.53423500E-03  2.30413700E-03
2.63937040E-01  7.50725200E-03  2.28812400E-03
2.64341590E-01  7.04117600E-03  2.28853800E-03
2.64746130E-01  8.26288600E-03  2.28815200E-03
2.65150680E-01  7.45000700E-03  2.28691300E-03
2.65555220E-01  6.62896800E-03  2.28132600E-03
2.65959760E-01  7.33612200E-03  2.28139300E-03
2.66364290E-01  7.33872700E-03  2.28437200E-03
2.66768820E-01  8.43043600E-03  2.28516400E-03
2.67173350E-01  9.30053700E-03  2.28112900E-03
2.67577880E-01  8.41113200E-03  2.27199000E-03
2.67982410E-01  8.83201100E-03  2.27689300E-03
2.68386930E-01  7.68757600E-03  2.27826500E-03
2.68791450E-01  6.73495500E-03  2.27120700E-03
2.69195960E-01  7.35027600E-03  2.26883300E-03
2.69600480E-01  6.14145900E-03  2.26635600E-03
2.70004990E-01  5.07250300E-03  2.26496900E-03
2.70409500E-01  6.59325100E-03  2.27311000E-03
2.70814000E-01  8.00114800E-03  2.25799200E-03
2.71218510E-01  7.32173100E-03  2.25879800E-03
2.71623010E-01  7.46179400E-03  2.25957300E-03
2.72027510E-01  7.58870200E-03  2.26058200E-03
2.72432000E-01  6.96050000E-03  2.26420200E-03
2.72836490E-01  5.12436100E-03  2.24395000E-03
2.73240980E-01  4.67429400E-03  2.26247200E-03
2.73645470E-01  5.51891900E-03  2.24341000E-03
2.74049960E-01  5.71421700E-03  2.25090600E-03
2.74454440E-01  6.10783500E-03  2.24615500E-03
2.74858920E-01  5.99892200E-03  2.24086600E-03
2.75263390E-01  3.94026000E-03  2.25650800E-03
2.75667860E-01  4.30176400E-03  2.24241100E-03
2.76072340E-01  3.98173400E-03  2.23494600E-03
2.76476800E-01  3.31810000E-03  2.24175400E-03
2.76881270E-01  5.29298100E-03  2.23016400E-03
2.77285730E-01  5.75033900E-03  2.24222700E-03
2.77690190E-01  6.99042500E-03  2.22351800E-03
2.78094650E-01  6.68595200E-03  2.22632200E-03
2.78499100E-01  5.83271700E-03  2.23885200E-03
2.78903550E-01  4.49361400E-03  2.22468000E-03
2.79308000E-01  5.00692000E-03  2.23935600E-03
2.79712450E-01  4.67354500E-03  2.22220800E-03
2.80116890E-01  5.95291700E-03  2.22873000E-03
2.80521330E-01  7.78464300E-03  2.23225200E-03
2.80925770E-01  6.32287800E-03  2.20830000E-03
2.81330200E-01  5.76421900E-03  2.22155000E-03
2.81734630E-01  2.65308600E-03  2.22077000E-03
2.82139060E-01  3.83300000E-03  2.22426400E-03
2.82543490E-01  5.00736000E-03  2.21405600E-03
2.82947910E-01  5.11214600E-03  2.20679100E-03
2.83352330E-01  5.20628700E-03  2.21493500E-03
2.83756750E-01  4.34760400E-03  2.22426700E-03
2.84161160E-01  5.70006300E-03  2.20946600E-03
2.84565580E-01  5.27886300E-03  2.20905500E-03
2.84969990E-01  3.81985800E-03  2.20407300E-03
2.85374390E-01  5.88051800E-03  2.20525800E-03
2.85778800E-01  7.28805900E-03  2.20860000E-03
2.86183200E-01  5.98109300E-03  2.19367500E-03
2.86587590E-01  6.33713800E-03  2.20519700E-03
2.86991990E-01  7.00104600E-03  2.20660600E-03
2.87396380E-01  7.27708100E-03  2.20518500E-03
2.87800770E-01  6.79278300E-03  2.19613600E-03
2.88205160E-01  6.46963700E-03  2.19173500E-03
2.88609540E-01  6.54500900E-03  2.18791300E-03
2.89013920E-01  5.77497100E-03  2.19974800E-03
2.89418300E-01  3.30047300E-03  2.18330300E-03
2.89822670E-01  3.91707900E-03  2.18495500E-03
2.90227040E-01  5.43132000E-03  2.18346700E-03
2.90631410E-01  6.84747200E-03  2.19067500E-03
2.91035780E-01  5.88011400E-03  2.19044500E-03
2.91440140E-01  3.08412200E-03  2.16630700E-03
2.91844500E-01  2.51412900E-03  2.19499900E-03
2.92248860E-01  3.94737300E-03  2.17821200E-03
2.92653220E-01  4.47452400E-03  2.17875600E-03
2.93057570E-01  3.91608000E-03  2.17091200E-03
2.93461920E-01  3.89175600E-03  2.17153700E-03
2.93866260E-01  4.59546100E-03  2.18704100E-03
2.94270600E-01  4.27632300E-03  2.17464900E-03
2.94674940E-01  2.77778200E-03  2.16955300E-03
2.95079280E-01  5.37163600E-03  2.16762000E-03
2.95483620E-01  4.19857200E-03  2.16798600E-03
2.95887950E-01  4.69625100E-03  2.17851100E-03
2.96292270E-01  3.33027900E-03  2.16831900E-03
2.96696600E-01  3.32816200E-03  2.16561000E-03
2.97100920E-01  4.84747000E-03  2.16165500E-03
2.97505240E-01  5.03816600E-03  2.16336600E-03
2.97909560E-01  5.02266800E-03  2.16000700E-03
2.98313870E-01  6.47498900E-03  2.15654300E-03
2.98718180E-01  7.00233100E-03  2.16318700E-03
2.99122490E-01  7.35776900E-03  2.16757400E-03
2.99526790E-01  4.60020700E-03  2.15314100E-03
2.99931090E-01  3.62730700E-03  2.14987100E-03
3.00335390E-01  4.46906400E-03  2.14398500E-03
3.00739690E-01  5.25190000E-03  2.15377800E-03
3.01143980E-01  4.37836100E-03  2.14927000E-03
3.01548270E-01  3.78600700E-03  2.14618700E-03
3.01952560E-01  4.90905700E-03  2.14724700E-03
3.02356840E-01  5.01033400E-03  2.14546700E-03
3.02761120E-01  5.06873300E-03  2.14696600E-03
3.03165400E-01  7.05654300E-03  2.14524500E-03
3.03569670E-01  7.35168000E-03  2.14510900E-03
3.03973940E-01  7.65945900E-03  2.14407100E-03
3.04378210E-01  7.34048700E-03  2.14224900E-03
3.04782480E-01  7.49160000E-03  2.14406200E-03
3.05186740E-01  5.99654400E-03  2.13753500E-03
3.05591000E-01  6.09581000E-03  2.13682900E-03
3.05995260E-01  6.26752300E-03  2.13872700E-03
3.06399510E-01  6.50430800E-03  2.13566500E-03
3.06803760E-01  6.38827100E-03  2.13222100E-03
3.07208010E-01  5.89295900E-03  2.12431300E-03
3.07612250E-01  5.06543800E-03  2.12724700E-03
3.08016490E-01  2.53304000E-03  2.12607900E-03
3.08420730E-01  4.89214400E-03  2.12026600E-03
3.08824960E-01  5.08630000E-03  2.12955100E-03
3.09229200E-01  4.26412000E-03  2.12719200E-03
3.09633420E-01  6.70771800E-03  2.14166800E-03
3.10037650E-01  8.11754200E-03  2.12621900E-03
3.10441870E-01  8.02505500E-03  2.12632000E-03
3.10846090E-01  6.30476300E-03  2.12990500E-03
3.11250310E-01  5.64222300E-03  2.13891200E-03
3.11654520E-01  7.04274600E-03  2.13987400E-03
3.12058730E-01  7.80832400E-03  2.14437400E-03
3.12462940E-01  8.12603500E-03  2.13736200E-03
3.12867140E-01  7.20098300E-03  2.13485200E-03
3.13271340E-01  7.88754900E-03  2.13489800E-03
3.13675540E-01  9.78864100E-03  2.12913700E-03
3.14079740E-01  8.85892700E-03  2.13415400E-03
3.14483930E-01  8.68274200E-03  2.13797400E-03
3.14888120E-01  7.42135400E-03  2.13909100E-03
3.15292300E-01  6.95323300E-03  2.13897200E-03
3.15696480E-01  6.02058100E-03  2.13248300E-03
3.16100660E-01  5.58945000E-03  2.13136200E-03
3.16504840E-01  5.59003300E-03  2.14682100E-03
3.16909010E-01  7.02782000E-03  2.12729100E-03
3.17313180E-01  7.32964000E-03  2.13832600E-03
3.17717350E-01  5.75935500E-03  2.12138300E-03
3.18121510E-01  6.52017400E-03  2.12496100E-03
3.18525670E-01  6.10074600E-03  2.13711700E-03
3.18929830E-01  5.69010800E-03  2.11766800E-03
3.19333980E-01  7.18886300E-03  2.13161600E-03
3.19738130E-01  6.77013700E-03  2.12800400E-03
3.20142280E-01  6.67903000E-03  2.12900000E-03
3.20546420E-01  8.03991100E-03  2.13811300E-03
3.20950560E-01  8.11808900E-03  2.12113100E-03
3.21354700E-01  8.30011400E-03  2.14019200E-03
3.21758830E-01  6.36172300E-03  2.12641300E-03
3.22162970E-01  5.52072700E-03  2.12535700E-03
3.22567090E-01  4.20795700E-03  2.12162800E-03
3.22971220E-01  4.70474300E-03  2.11647200E-03
3.23375340E-01  5.96994900E-03  2.12403500E-03
3.23779460E-01  7.78153800E-03  2.11787800E-03
3.24183570E-01  6.06466000E-03  2.11303800E-03
3.24587690E-01  5.02391700E-03  2.12640500E-03
3.24991800E-01  4.24261600E-03  2.11969300E-03
3.25395900E-01  4.28278200E-03  2.14639700E-03
3.25800000E-01  4.07551800E-03  2.15492700E-03
3.26204100E-01  3.96940000E-03  2.16064200E-03
3.26608200E-01  3.54579700E-03  2.17831200E-03
3.27012290E-01  3.36585400E-03  2.17039900E-03
3.27416380E-01  2.72472300E-03  2.17834400E-03
3.27820470E-01  4.08730500E-03  2.18769600E-03
3.28224550E-01  6.36120000E-03  2.20002200E-03
3.28628630E-01  6.77025600E-03  2.19445600E-03
3.29032700E-01  6.57336400E-03  2.19661800E-03
3.29436780E-01  8.05282700E-03  2.19122500E-03
3.29840850E-01  6.54203500E-03  2.20729800E-03
3.30244910E-01  3.58243100E-03  2.19186700E-03
3.30648980E-01  3.56158100E-03  2.19866600E-03
3.31053040E-01  3.16036200E-03  2.22463000E-03
3.31457090E-01  3.91366500E-03  2.21061500E-03
3.31861150E-01  4.47941200E-03  2.22275600E-03
3.32265200E-01  4.98780700E-03  2.21737700E-03
3.32669240E-01  4.52814200E-03  2.21474000E-03
3.33073290E-01  5.36259700E-03  2.22292500E-03
3.33477330E-01  6.43098200E-03  2.20978100E-03
3.33881360E-01  5.06836400E-03  2.23384200E-03
3.34285400E-01  6.30374000E-03  2.22398500E-03
3.34689430E-01  5.92519200E-03  2.21957000E-03
3.35093450E-01  5.37777300E-03  2.22547000E-03
3.35497480E-01  4.98088400E-03  2.16997700E-03
3.35901500E-01  5.46872600E-03  2.13247900E-03
3.36305510E-01  7.38198500E-03  2.20508400E-03
3.36709530E-01  7.22782800E-03  2.33923900E-03
3.37113540E-01  3.44611400E-03  2.45168800E-03
3.37517540E-01  1.34753600E-03  2.49799500E-03
3.37921550E-01  5.67921300E-03  2.60979100E-03
3.38325550E-01  5.99458100E-03  2.64706400E-03
3.38729540E-01  5.65003800E-03  2.70721200E-03
3.39133540E-01  4.29498500E-03  2.74139100E-03
3.39537530E-01  7.46061600E-03  2.78372500E-03
3.39941510E-01  8.78679000E-03  2.77471800E-03
3.40345500E-01  1.02313810E-02  2.80239500E-03
3.40749480E-01  1.01819380E-02  2.81985700E-03
3.41153450E-01  7.93581500E-03  2.86419700E-03
3.41557430E-01  9.16912100E-03  2.87823900E-03
3.41961400E-01  7.62447900E-03  2.89974300E-03
3.42365360E-01  6.28378200E-03  2.95514200E-03
3.42769320E-01  6.59584400E-03  2.95633100E-03
3.43173280E-01  9.12459000E-03  2.98956200E-03
3.43577240E-01  9.05484400E-03  3.03623500E-03
3.43981190E-01  8.49678100E-03  3.05104000E-03
3.44385140E-01  7.65767500E-03  3.08413100E-03
3.44789090E-01  6.70708800E-03  3.08628400E-03
3.45193030E-01  6.60707100E-03  3.16591500E-03
3.45596970E-01  9.07969100E-03  3.21533500E-03
3.46000900E-01  9.31416800E-03  3.24250900E-03
3.46404840E-01  1.15924160E-02  3.23114900E-03
3.46808760E-01  1.01197440E-02  3.21154600E-03
3.47212690E-01  8.10384000E-03  3.24918100E-03
3.47616610E-01  9.78092200E-03  3.23702800E-03
3.48020530E-01  1.03921510E-02  3.26605600E-03
3.48424440E-01  1.08796720E-02  3.24806400E-03
3.48828350E-01  6.70993000E-03  3.26073000E-03
3.49232260E-01  5.99052500E-03  3.28139700E-03
3.49636170E-01  9.20018800E-03  3.25251300E-03
3.50040070E-01  8.56794200E-03  3.26363300E-03
3.50443960E-01  1.04941300E-02  3.28165200E-03
3.50847860E-01  9.86282300E-03  3.28318200E-03
3.51251750E-01  8.07251200E-03  3.29822600E-03
3.51655640E-01  9.20756200E-03  3.26485700E-03
3.52059520E-01  9.78012500E-03  3.27883200E-03
3.52463400E-01  9.27905700E-03  3.29061900E-03
3.52867280E-01  8.50313200E-03  3.29935300E-03
3.53271150E-01  9.81019300E-03  3.29863300E-03
3.53675020E-01  1.02615910E-02  3.27095100E-03
3.54078880E-01  7.97184200E-03  3.32292800E-03
3.54482750E-01  7.23158700E-03  3.32258500E-03
3.54886600E-01  9.23017300E-03  3.32643200E-03
3.55290460E-01  1.10771590E-02  3.31875600E-03
3.55694310E-01  7.81772000E-03  3.31652200E-03
3.56098160E-01  7.38181900E-03  3.32919100E-03
3.56502000E-01  9.34465200E-03  3.31319700E-03
3.56905850E-01  1.02117910E-02  3.32484600E-03
3.57309680E-01  1.13799550E-02  3.31809100E-03
3.57713520E-01  1.01897760E-02  3.30938500E-03
3.58117350E-01  8.72730900E-03  3.32071100E-03
3.58521170E-01  6.00483400E-03  3.30501400E-03
3.58925000E-01  5.81060600E-03  3.35316400E-03
3.59328820E-01  9.76861100E-03  3.37716700E-03
3.59732630E-01  9.72590000E-03  3.38301000E-03
3.60136450E-01  8.53205800E-03  3.43468800E-03
3.60540260E-01  5.47165200E-03  3.48369300E-03
3.60944060E-01  4.65703600E-03  3.54241500E-03
3.61347860E-01  6.47075500E-03  3.55489500E-03
3.61751660E-01  7.90729300E-03  3.56635300E-03
3.62155460E-01  1.11582160E-02  3.57464100E-03
3.62559250E-01  7.77906500E-03  3.65204500E-03
3.62963030E-01  8.40260400E-03  3.74008500E-03
3.63366820E-01  1.06339190E-02  3.73590600E-03
3.63770600E-01  9.46040400E-03  3.76892600E-03
3.64174370E-01  1.00079170E-02  3.87418900E-03
3.64578150E-01  1.16030020E-02  3.90460500E-03
3.64981920E-01  1.23466470E-02  3.94037500E-03
3.65385680E-01  1.20468240E-02  4.07468300E-03
3.65789450E-01  1.03846460E-02  4.12372400E-03
3.66193200E-01  1.16814180E-02  4.21475600E-03
3.66596960E-01  1.16591890E-02  4.32986900E-03
3.67000710E-01  1.17456810E-02  4.34420700E-03
3.67404460E-01  1.30973560E-02  4.45017000E-03
3.67808200E-01  8.01272100E-03  4.51122700E-03
3.68211940E-01  7.82189500E-03  4.73793200E-03
3.68615680E-01  4.85312000E-03  6.59858300E-03
