2.78505813E-03  3.14910012E-02  4.27477631E-03
2.90883849E-03  2.90327595E-02  2.70315499E-03
3.03261885E-03  2.73899603E-02  1.90845951E-03
3.15639922E-03  2.99709657E-02  1.50278240E-03
3.28017958E-03  2.87139116E-02  1.39614293E-03
3.40395994E-03  3.03597832E-02  1.27333345E-03
3.52774030E-03  2.91527968E-02  1.23688523E-03
3.65152066E-03  3.01792536E-02  1.17001236E-03
3.77530102E-03  2.85551281E-02  1.13675994E-03
3.89908138E-03  3.00728179E-02  1.08675380E-03
4.02286175E-03  3.10949258E-02  1.05175175E-03
4.14664211E-03  2.99158297E-02  1.05050185E-03
4.27042247E-03  3.01550622E-02  1.03028676E-03
4.39420283E-03  3.07252151E-02  1.01960604E-03
4.51798319E-03  2.92268638E-02  9.45550272E-04
4.64176355E-03  3.03443619E-02  9.34766807E-04
4.76554391E-03  3.15591360E-02  9.23121650E-04
4.88932428E-03  2.92538199E-02  9.08928676E-04
5.01310464E-03  2.98755297E-02  8.58583606E-04
5.13688500E-03  2.94435481E-02  8.48262417E-04
5.26066536E-03  3.10418782E-02  8.45055346E-04
5.38444572E-03  2.88120463E-02  7.99827008E-04
5.50822608E-03  2.88828568E-02  7.78644918E-04
5.63200644E-03  3.17368704E-02  7.84791298E-04
5.75578681E-03  2.93788690E-02  7.54945337E-04
5.87956717E-03  2.90909106E-02  7.66534161E-04
6.00334753E-03  2.90325111E-02  7.20941064E-04
6.12712789E-03  2.99154889E-02  7.28844960E-04
6.25090825E-03  3.00220113E-02  7.10497031E-04
6.37468861E-03  3.07698007E-02  7.14702769E-04
6.49846897E-03  2.99967454E-02  7.02936251E-04
6.62224934E-03  3.03286841E-02  6.72156195E-04
6.74602970E-03  3.08990784E-02  6.92670374E-04
6.86981006E-03  2.94174468E-02  6.54260731E-04
6.99359042E-03  3.09648854E-02  6.67779695E-04
7.11737078E-03  2.96304208E-02  6.48820987E-04
7.24115114E-03  2.95553137E-02  6.32018257E-04
7.36493150E-03  2.99378297E-02  6.52321997E-04
7.48871187E-03  3.02537316E-02  6.23676827E-04
7.61249223E-03  2.98746497E-02  6.13458381E-04
7.73627259E-03  3.04123949E-02  6.13744139E-04
7.86005295E-03  2.94762271E-02  5.98652815E-04
7.98383331E-03  3.01101467E-02  6.09666811E-04
8.10761367E-03  3.02362958E-02  5.88086431E-04
8.23139403E-03  2.96491171E-02  5.90271684E-04
8.35517440E-03  2.98450619E-02  5.81810967E-04
8.47895476E-03  2.98373724E-02  5.76141881E-04
8.60273512E-03  2.99448102E-02  5.68452819E-04
8.72651548E-03  3.03323734E-02  5.65984532E-04
8.85029584E-03  3.00183798E-02  5.61831708E-04
8.97407620E-03  2.95710522E-02  5.57025859E-04
9.09785656E-03  2.96903761E-02  5.49811789E-04
9.22163693E-03  2.93610085E-02  5.43110433E-04
9.34541729E-03  2.86681470E-02  5.33603566E-04
9.46919765E-03  2.94609045E-02  5.39753882E-04
9.59297801E-03  3.01390582E-02  5.32809413E-04
9.71675837E-03  2.95658446E-02  5.32292426E-04
9.84053873E-03  2.96251415E-02  5.19608530E-04
9.96431909E-03  2.93868029E-02  5.19945819E-04
1.00880995E-02  2.96470475E-02  5.19645509E-04
1.02118798E-02  3.03725525E-02  5.08876707E-04
1.03356602E-02  3.08229563E-02  5.18186608E-04
1.04594405E-02  2.97612799E-02  5.05998793E-04
1.05832209E-02  2.97679523E-02  5.05260098E-04
1.07070013E-02  2.93167585E-02  4.89873793E-04
1.08307816E-02  3.01961180E-02  4.97460584E-04
1.09545620E-02  2.94746205E-02  4.96899383E-04
1.10783423E-02  2.93074127E-02  4.83417667E-04
1.12021227E-02  2.84474706E-02  4.84521380E-04
1.13259031E-02  3.02802097E-02  4.82206337E-04
1.14496834E-02  3.03966418E-02  4.79527658E-04
1.15734638E-02  3.00220550E-02  4.82600232E-04
1.16972442E-02  2.98982963E-02  4.68167112E-04
1.18210245E-02  2.99653374E-02  4.76130209E-04
1.19448049E-02  2.93333555E-02  4.64667966E-04
1.20685852E-02  2.91044699E-02  4.63324946E-04
1.21923656E-02  2.97148276E-02  4.64531168E-04
1.23161460E-02  2.96507553E-02  4.54086013E-04
1.24399263E-02  2.91656253E-02  4.65244465E-04
1.25637067E-02  2.92030338E-02  4.47701426E-04
1.26874870E-02  2.97648030E-02  4.52092319E-04
1.28112674E-02  3.03824379E-02  4.51836835E-04
1.29350478E-02  3.05634319E-02  4.47449785E-04
1.30588281E-02  2.92125981E-02  4.45755590E-04
1.31826085E-02  3.00196851E-02  4.43143534E-04
1.33063889E-02  2.94790192E-02  4.37711340E-04
1.34301692E-02  2.98220827E-02  4.38515891E-04
1.35539496E-02  2.90404445E-02  4.30699991E-04
1.36777299E-02  2.98153061E-02  4.34479001E-04
1.38015103E-02  3.00204646E-02  4.29951268E-04
1.39252907E-02  2.93711973E-02  4.29233665E-04
1.40490710E-02  2.90969432E-02  4.25556862E-04
1.41728514E-02  2.95336900E-02  4.22727554E-04
1.42966317E-02  2.89818624E-02  4.20508088E-04
1.44204121E-02  2.92422833E-02  4.17682116E-04
1.45441925E-02  2.96701879E-02  4.20472666E-04
1.46679728E-02  2.93624274E-02  4.14916578E-04
1.47917532E-02  2.83915940E-02  4.13201128E-04
1.49155336E-02  2.97314782E-02  4.10918627E-04
1.50393139E-02  2.91151513E-02  4.11114182E-04
1.51630943E-02  2.88744699E-02  4.04831769E-04
1.52868746E-02  2.97293310E-02  4.07345444E-04
1.54106550E-02  2.94162155E-02  4.04268085E-04
1.55344354E-02  2.98754595E-02  4.04647511E-04
1.56582157E-02  2.94026296E-02  4.01060095E-04
1.57819961E-02  2.93940114E-02  3.96536423E-04
1.59057764E-02  2.93316296E-02  3.97535546E-04
1.60295568E-02  2.96812389E-02  3.96558000E-04
1.61533372E-02  2.93814260E-02  3.96013770E-04
1.62771175E-02  2.93776328E-02  3.91182758E-04
1.64008979E-02  2.87832172E-02  3.85764365E-04
1.65246782E-02  2.94898360E-02  3.89375325E-04
1.66484586E-02  2.94724496E-02  3.88165378E-04
1.67722390E-02  3.03012012E-02  3.87453406E-04
1.68960193E-02  2.85475038E-02  3.82350531E-04
1.70197997E-02  2.94838902E-02  3.81081366E-04
1.71435801E-02  2.87324003E-02  3.82479606E-04
1.72673604E-02  2.86011405E-02  3.76825509E-04
1.73911408E-02  2.97660918E-02  3.77205642E-04
1.75149211E-02  2.89198332E-02  3.74580566E-04
1.76387015E-02  2.98853467E-02  3.75260462E-04
1.77624819E-02  2.98435632E-02  3.77254549E-04
1.78862622E-02  2.94701527E-02  3.71525185E-04
1.80100426E-02  2.92095406E-02  3.69539885E-04
1.81338229E-02  2.91091240E-02  3.69722482E-04
1.82576033E-02  3.02240619E-02  3.69381621E-04
1.83813837E-02  2.91783588E-02  3.67239696E-04
1.85051640E-02  2.92892505E-02  3.61892983E-04
1.86289444E-02  2.93063480E-02  3.63737119E-04
1.87527248E-02  2.94162631E-02  3.64310076E-04
1.88765051E-02  2.99681244E-02  3.61290479E-04
1.90002855E-02  2.94458256E-02  3.60162337E-04
1.91240658E-02  2.89784820E-02  3.55565134E-04
1.92478462E-02  2.96798030E-02  3.60005635E-04
1.93716266E-02  2.93155468E-02  3.57617312E-04
1.94954069E-02  2.93629844E-02  3.53494264E-04
1.96191873E-02  2.95984906E-02  3.52932307E-04
1.97429676E-02  2.87329325E-02  3.50464931E-04
1.98667480E-02  2.91895629E-02  3.52116829E-04
1.99905284E-02  2.96772084E-02  3.49191367E-04
2.01143087E-02  2.92768783E-02  3.49593918E-04
2.02380891E-02  2.90452841E-02  3.47492999E-04
2.03618695E-02  2.88870009E-02  3.46752250E-04
2.04856498E-02  2.84909040E-02  3.43391654E-04
2.06094302E-02  2.92145189E-02  3.41052402E-04
2.07332105E-02  2.89685757E-02  3.43382180E-04
2.08569909E-02  2.87696803E-02  3.41130054E-04
2.09807713E-02  2.91237695E-02  3.45053038E-04
2.11045516E-02  2.89139337E-02  3.36285853E-04
2.12283320E-02  2.92993027E-02  3.36917262E-04
2.13521123E-02  2.88866774E-02  3.38172324E-04
2.14758927E-02  2.88973099E-02  3.35972372E-04
2.15996731E-02  2.91517709E-02  3.35086109E-04
2.17234534E-02  2.89348466E-02  3.32066414E-04
2.18472338E-02  2.84780823E-02  3.31847483E-04
2.19710142E-02  2.90718972E-02  3.33983318E-04
2.20947945E-02  2.87046734E-02  3.27885231E-04
2.22185749E-02  2.92743552E-02  3.30224069E-04
2.23423552E-02  2.89368276E-02  3.28662573E-04
2.24661356E-02  2.89164135E-02  3.29108793E-04
2.25899160E-02  2.89894261E-02  3.26781849E-04
2.27136963E-02  2.88023654E-02  3.25074696E-04
2.28374767E-02  2.85835937E-02  3.22849575E-04
2.29612570E-02  2.85672542E-02  3.24044136E-04
2.30850374E-02  2.87999823E-02  3.24914142E-04
2.32088178E-02  2.91163497E-02  3.19734862E-04
2.33325981E-02  2.88356028E-02  3.20629230E-04
2.34563785E-02  2.82536032E-02  3.19819966E-04
2.35801589E-02  2.88725299E-02  3.18834613E-04
2.37039392E-02  2.85860811E-02  3.16719952E-04
2.38277196E-02  2.89679434E-02  3.15724327E-04
2.39514999E-02  2.85504720E-02  3.18080561E-04
2.40752803E-02  2.85352440E-02  3.17343648E-04
2.41990607E-02  2.90585462E-02  3.14239243E-04
2.43228410E-02  2.85463068E-02  3.11856678E-04
2.44466214E-02  2.84609503E-02  3.10510064E-04
2.45704017E-02  2.86576065E-02  3.14112618E-04
2.46941821E-02  2.91599541E-02  3.11966153E-04
2.48179625E-02  2.90859472E-02  3.10064114E-04
2.49417428E-02  2.82954107E-02  3.08930793E-04
2.50655232E-02  2.93236093E-02  3.09483100E-04
2.51893035E-02  2.88068961E-02  3.09970423E-04
2.53130839E-02  2.83797608E-02  3.03052324E-04
2.54368643E-02  2.80993673E-02  3.06365638E-04
2.55606446E-02  2.79674568E-02  3.04005356E-04
2.56844250E-02  2.83442851E-02  3.04607088E-04
2.58082054E-02  2.89565383E-02  3.03618279E-04
2.59319857E-02  2.84522043E-02  2.99443382E-04
2.60557661E-02  2.88562524E-02  3.04996429E-04
2.61795464E-02  2.83431319E-02  3.01376610E-04
2.63033268E-02  2.86714057E-02  3.00500981E-04
2.64271072E-02  2.88230330E-02  3.00950563E-04
2.65508875E-02  2.89202149E-02  2.98479182E-04
2.66746679E-02  2.77520174E-02  2.98713373E-04
2.67984482E-02  2.80661043E-02  2.94541138E-04
2.69222286E-02  2.90795394E-02  2.97143184E-04
2.70460090E-02  2.84474665E-02  2.96860698E-04
2.71697893E-02  2.84189022E-02  2.95828434E-04
2.72935697E-02  2.78731338E-02  2.95294836E-04
2.74173501E-02  2.80606531E-02  2.89090080E-04
2.75411304E-02  2.83366951E-02  2.93880315E-04
2.76649108E-02  2.81119385E-02  2.92455301E-04
2.77886911E-02  2.88838503E-02  2.92898907E-04
2.79124715E-02  2.83551299E-02  2.91888214E-04
2.80362519E-02  2.78755792E-02  2.85737520E-04
2.81600322E-02  2.85158602E-02  2.91019584E-04
2.82838126E-02  2.86356931E-02  2.89521680E-04
2.84075929E-02  2.76721602E-02  2.86398593E-04
2.85313733E-02  2.79082239E-02  2.86051181E-04
2.86551537E-02  2.84727438E-02  2.85924660E-04
2.87789340E-02  2.83480867E-02  2.88750996E-04
2.89027144E-02  2.83050073E-02  2.84811162E-04
2.90264948E-02  2.78877401E-02  2.83178199E-04
2.91502751E-02  2.88449297E-02  2.85293119E-04
2.92740555E-02  2.84220382E-02  2.86979906E-04
2.93978358E-02  2.78050059E-02  2.89075032E-04
2.95216162E-02  2.76044050E-02  2.85509714E-04
2.96453966E-02  2.81322054E-02  2.89552828E-04
2.97691769E-02  2.84364723E-02  2.90518936E-04
2.98929573E-02  2.83443237E-02  2.90927534E-04
3.00167376E-02  2.81655836E-02  2.91063149E-04
3.01405180E-02  2.75169858E-02  2.88503737E-04
3.02642984E-02  2.78526708E-02  2.93137442E-04
3.03880787E-02  2.74264979E-02  2.89139769E-04
3.05118591E-02  2.81667508E-02  2.91567526E-04
3.06356395E-02  2.79526788E-02  2.90950413E-04
3.07594198E-02  2.76312538E-02  2.90074064E-04
3.08832002E-02  2.77320978E-02  2.93657854E-04
3.10069805E-02  2.76990072E-02  2.90279016E-04
3.11307609E-02  2.81162860E-02  2.91171338E-04
3.12545413E-02  2.78206495E-02  2.90634892E-04
3.13783216E-02  2.80191704E-02  2.91408108E-04
3.15021020E-02  2.81965215E-02  2.93324914E-04
3.16258823E-02  2.83450981E-02  2.91731153E-04
3.17496627E-02  2.84098565E-02  2.92102628E-04
3.18734431E-02  2.81337327E-02  2.91426814E-04
3.19972234E-02  2.77717134E-02  2.91032672E-04
3.21210038E-02  2.82881576E-02  2.91750927E-04
3.22447841E-02  2.84391905E-02  2.90045446E-04
3.23685645E-02  2.77584795E-02  2.92549075E-04
3.24923449E-02  2.85859753E-02  2.90488210E-04
3.26161252E-02  2.82019415E-02  2.92210420E-04
3.27399056E-02  2.78685134E-02  2.88064409E-04
3.28636860E-02  2.78264575E-02  2.90172600E-04
3.29874663E-02  2.78602338E-02  2.89322955E-04
3.31112467E-02  2.80710296E-02  2.89651715E-04
3.32350270E-02  2.77405355E-02  2.90562441E-04
3.33588074E-02  2.78890651E-02  2.87511596E-04
3.34825878E-02  2.80052841E-02  2.90117113E-04
3.36063681E-02  2.81848735E-02  2.90015460E-04
3.37301485E-02  2.79657521E-02  2.87946358E-04
3.38539288E-02  2.84543076E-02  2.91888234E-04
3.39777092E-02  2.79075903E-02  2.86193212E-04
3.41014896E-02  2.75728187E-02  2.90038038E-04
3.42252699E-02  2.73407315E-02  2.86972615E-04
3.43490503E-02  2.82727437E-02  2.88727680E-04
3.44728307E-02  2.74157929E-02  2.87596048E-04
3.45966110E-02  2.73755760E-02  2.84571076E-04
3.47203914E-02  2.73981063E-02  2.89799473E-04
3.48441717E-02  2.78696050E-02  2.86068257E-04
3.49679521E-02  2.80662820E-02  2.86620000E-04
3.50917325E-02  2.80298476E-02  2.87880980E-04
3.52155128E-02  2.73731283E-02  2.83137362E-04
3.53392932E-02  2.77546927E-02  2.88098395E-04
3.54630735E-02  2.74635174E-02  2.83807560E-04
3.55868539E-02  2.71193603E-02  2.84966911E-04
3.57106343E-02  2.74681634E-02  2.86224313E-04
3.58344146E-02  2.69952118E-02  2.81104421E-04
3.59581950E-02  2.71757003E-02  2.85647758E-04
3.60819754E-02  2.73696481E-02  2.81982436E-04
3.62057557E-02  2.75108303E-02  2.84150524E-04
3.63295361E-02  2.76460912E-02  2.85036688E-04
3.64533164E-02  2.71025008E-02  2.79836256E-04
3.65770968E-02  2.70665947E-02  2.83338871E-04
3.67008772E-02  2.69722445E-02  2.80774216E-04
3.68246575E-02  2.74821077E-02  2.83227230E-04
3.69484379E-02  2.73038428E-02  2.81976475E-04
3.70722182E-02  2.74691762E-02  2.80936734E-04
3.71959986E-02  2.70433770E-02  2.81394270E-04
3.73197790E-02  2.74806982E-02  2.81411799E-04
3.74435593E-02  2.75004475E-02  2.81904680E-04
3.75673397E-02  2.70464762E-02  2.79316762E-04
3.76911201E-02  2.72412380E-02  2.80063439E-04
3.78149004E-02  2.70935167E-02  2.80162646E-04
3.79386808E-02  2.68360017E-02  2.79474937E-04
3.80624611E-02  2.67575597E-02  2.78316128E-04
3.81862415E-02  2.75299261E-02  2.79383794E-04
3.83100219E-02  2.70923357E-02  2.79663482E-04
3.84338022E-02  2.68853648E-02  2.79422358E-04
3.85575826E-02  2.69700017E-02  2.76948870E-04
3.86813629E-02  2.69396981E-02  2.76375549E-04
3.88051433E-02  2.72152664E-02  2.78543091E-04
3.89289237E-02  2.70401955E-02  2.74895583E-04
3.90527040E-02  2.66714326E-02  2.70562001E-04
3.91764844E-02  2.69488821E-02  2.69465241E-04
3.93002648E-02  2.69030332E-02  2.67744569E-04
3.94240451E-02  2.71292001E-02  2.68797681E-04
3.95478255E-02  2.67064911E-02  2.65548695E-04
3.96716058E-02  2.69418666E-02  2.62819068E-04
3.97953862E-02  2.69409768E-02  2.64476116E-04
3.99191666E-02  2.66185580E-02  2.61951670E-04
4.00429469E-02  2.66929271E-02  2.61314148E-04
4.01667273E-02  2.72766164E-02  2.61435425E-04
4.02905076E-02  2.69983420E-02  2.59170826E-04
4.04142880E-02  2.71134703E-02  2.63610554E-04
4.05380684E-02  2.66661710E-02  2.62513730E-04
4.06618487E-02  2.64183019E-02  2.63403953E-04
4.07856291E-02  2.68855424E-02  2.63186450E-04
4.09094094E-02  2.70036593E-02  2.64167074E-04
4.10331898E-02  2.63745355E-02  2.65646978E-04
4.11569702E-02  2.67517021E-02  2.65076186E-04
4.12807505E-02  2.70832937E-02  2.64929156E-04
4.14045309E-02  2.63929436E-02  2.63134394E-04
4.15283113E-02  2.63909128E-02  2.64286698E-04
4.16520916E-02  2.65884055E-02  2.64550735E-04
4.17758720E-02  2.65720150E-02  2.64748420E-04
4.18996523E-02  2.67253163E-02  2.64425989E-04
4.20234327E-02  2.60151933E-02  2.60707712E-04
4.21472131E-02  2.63146008E-02  2.58688324E-04
4.22709934E-02  2.62143420E-02  2.55582211E-04
4.23947738E-02  2.63890273E-02  2.55277572E-04
4.25185541E-02  2.66387414E-02  2.55540790E-04
4.26423345E-02  2.64471266E-02  2.53921205E-04
4.27661149E-02  2.63262707E-02  2.53880783E-04
4.28898952E-02  2.66366698E-02  2.51412596E-04
4.30136756E-02  2.64928277E-02  2.52014119E-04
4.31374560E-02  2.66035432E-02  2.50014139E-04
4.32612363E-02  2.64830431E-02  2.49519237E-04
4.33850167E-02  2.62275823E-02  2.48672355E-04
4.35087970E-02  2.63667324E-02  2.47455352E-04
4.36325774E-02  2.66584052E-02  2.49202000E-04
4.37563578E-02  2.60048464E-02  2.45243070E-04
4.38801381E-02  2.62345656E-02  2.45566332E-04
4.40039185E-02  2.59299022E-02  2.43910146E-04
4.41276988E-02  2.62465659E-02  2.45774633E-04
4.42514792E-02  2.58129323E-02  2.44380468E-04
4.43752596E-02  2.63577957E-02  2.42909149E-04
4.44990399E-02  2.63425303E-02  2.42738469E-04
4.46228203E-02  2.59710025E-02  2.42388780E-04
4.47466007E-02  2.61713191E-02  2.41702160E-04
4.48703810E-02  2.66421224E-02  2.41937618E-04
4.49941614E-02  2.60297976E-02  2.39634293E-04
4.51179417E-02  2.59126666E-02  2.39548335E-04
4.52417221E-02  2.59144142E-02  2.38688726E-04
4.53655025E-02  2.60144695E-02  2.39254814E-04
4.54892828E-02  2.58403960E-02  2.37373009E-04
4.56130632E-02  2.56906954E-02  2.37393843E-04
4.57368435E-02  2.63855279E-02  2.39182815E-04
4.58606239E-02  2.59689703E-02  2.35444495E-04
4.59844043E-02  2.57107563E-02  2.35233828E-04
4.61081846E-02  2.56364042E-02  2.34708280E-04
4.62319650E-02  2.60485168E-02  2.35155531E-04
4.63557454E-02  2.60163419E-02  2.34887979E-04
4.64795257E-02  2.58137266E-02  2.32711241E-04
4.66033061E-02  2.54676675E-02  2.32512435E-04
4.67270864E-02  2.60181112E-02  2.32906973E-04
4.68508668E-02  2.58843589E-02  2.32985460E-04
4.69746472E-02  2.57240646E-02  2.30732312E-04
4.70984275E-02  2.57437520E-02  2.30871219E-04
4.72222079E-02  2.56259663E-02  2.30423231E-04
4.73459882E-02  2.54955994E-02  2.29717438E-04
4.74697686E-02  2.57298068E-02  2.29775105E-04
4.75935490E-02  2.54853283E-02  2.27838336E-04
4.77173293E-02  2.54872246E-02  2.28821191E-04
4.78411097E-02  2.59062729E-02  2.28671068E-04
4.79648900E-02  2.55398894E-02  2.27626359E-04
4.80886704E-02  2.56977952E-02  2.26443772E-04
4.82124508E-02  2.56697361E-02  2.26365085E-04
4.83362311E-02  2.54215893E-02  2.26951536E-04
4.84600115E-02  2.52956597E-02  2.24786044E-04
4.85837919E-02  2.55426019E-02  2.25140520E-04
4.87075722E-02  2.54700138E-02  2.24329552E-04
4.88313526E-02  2.52164455E-02  2.24450681E-04
4.89551329E-02  2.57745430E-02  2.24163095E-04
4.90789133E-02  2.50895930E-02  2.23021117E-04
4.92026937E-02  2.57769384E-02  2.24259862E-04
4.93264740E-02  2.54120036E-02  2.21547611E-04
4.94502544E-02  2.52220971E-02  2.22709460E-04
4.95740347E-02  2.54967942E-02  2.20987735E-04
4.96978151E-02  2.52267326E-02  2.21022863E-04
4.98215955E-02  2.50909451E-02  2.20921110E-04
4.99453758E-02  2.49429563E-02  2.19114129E-04
5.00691562E-02  2.53629735E-02  2.20293084E-04
5.01929366E-02  2.56546704E-02  2.18962281E-04
5.03167169E-02  2.52853010E-02  2.19673352E-04
5.04404973E-02  2.54033924E-02  2.18417605E-04
5.05642776E-02  2.52804417E-02  2.17397108E-04
5.06880580E-02  2.49108156E-02  2.16899486E-04
5.08118384E-02  2.52453049E-02  2.16876725E-04
5.09356187E-02  2.54096966E-02  2.16738164E-04
5.10593991E-02  2.50698170E-02  2.16258903E-04
5.11831794E-02  2.48521698E-02  2.13953268E-04
5.13069598E-02  2.46663488E-02  2.14522735E-04
5.14307402E-02  2.48677542E-02  2.13939136E-04
5.15545205E-02  2.47553248E-02  2.13553270E-04
5.16783009E-02  2.46314620E-02  2.12569094E-04
5.18020813E-02  2.46819680E-02  2.12924742E-04
5.19258616E-02  2.52143985E-02  2.13503211E-04
5.20496420E-02  2.46046348E-02  2.11336924E-04
5.21734223E-02  2.48222480E-02  2.12425714E-04
5.22972027E-02  2.47374841E-02  2.11286516E-04
5.24209831E-02  2.48013369E-02  2.11554813E-04
5.25447634E-02  2.47855289E-02  2.11966589E-04
5.26685438E-02  2.49844556E-02  2.10174704E-04
5.27923241E-02  2.42796251E-02  2.09639392E-04
5.29161045E-02  2.45634798E-02  2.09370699E-04
5.30398849E-02  2.46384816E-02  2.09303262E-04
5.31636652E-02  2.46545901E-02  2.09619812E-04
5.32874456E-02  2.43831734E-02  2.07982062E-04
5.34112260E-02  2.45534539E-02  2.08942359E-04
5.35350063E-02  2.47165273E-02  2.08318665E-04
5.36587867E-02  2.42873322E-02  2.07776127E-04
5.37825670E-02  2.44651171E-02  2.07493720E-04
5.39063474E-02  2.44773826E-02  2.07209104E-04
5.40301278E-02  2.44708219E-02  2.07901103E-04
5.41539081E-02  2.41445891E-02  2.06184304E-04
5.42776885E-02  2.47072497E-02  2.06944533E-04
5.44014688E-02  2.46514987E-02  2.06231270E-04
5.45252492E-02  2.45600054E-02  2.07091015E-04
5.46490296E-02  2.44432618E-02  2.05373693E-04
5.47728099E-02  2.39909654E-02  2.04837413E-04
5.48965903E-02  2.40634715E-02  2.04746135E-04
5.50203707E-02  2.43230148E-02  2.04981850E-04
5.51441510E-02  2.43311381E-02  2.05407601E-04
5.52679314E-02  2.41630589E-02  2.03714000E-04
5.53917117E-02  2.40438519E-02  2.04243157E-04
5.55154921E-02  2.42162206E-02  2.04465547E-04
5.56392725E-02  2.41605210E-02  2.03718050E-04
5.57630528E-02  2.39862813E-02  2.04172390E-04
5.58868332E-02  2.37202944E-02  2.01575569E-04
5.60106135E-02  2.41399662E-02  2.03984690E-04
5.61343939E-02  2.40519909E-02  2.02687350E-04
5.62581743E-02  2.40837038E-02  2.02061274E-04
5.63819546E-02  2.42237237E-02  2.03639965E-04
5.65057350E-02  2.41639018E-02  2.01545821E-04
5.66295153E-02  2.37989013E-02  2.02910371E-04
5.67532957E-02  2.39479757E-02  2.01612403E-04
5.68770761E-02  2.40184880E-02  2.01378438E-04
5.70008564E-02  2.39623311E-02  2.01918316E-04
5.71246368E-02  2.36402720E-02  2.00751359E-04
5.72484172E-02  2.41456209E-02  2.02243250E-04
5.73721975E-02  2.36196758E-02  2.00288977E-04
5.74959779E-02  2.38230568E-02  2.00546190E-04
5.76197582E-02  2.38807543E-02  2.00876740E-04
5.77435386E-02  2.35853537E-02  1.99217938E-04
5.78673190E-02  2.34973358E-02  1.99641582E-04
5.79910993E-02  2.37477311E-02  1.99617583E-04
5.81148797E-02  2.37764180E-02  1.99888439E-04
5.82386600E-02  2.35788045E-02  1.99300071E-04
5.83624404E-02  2.36588142E-02  1.98980296E-04
5.84862208E-02  2.32690539E-02  1.98323472E-04
5.86100011E-02  2.35343793E-02  1.97916629E-04
5.87337815E-02  2.36853574E-02  1.98519593E-04
5.88575619E-02  2.36725692E-02  1.97891922E-04
5.89813422E-02  2.33963637E-02  1.96716803E-04
5.91051226E-02  2.32406614E-02  1.96882857E-04
5.92289029E-02  2.36419217E-02  1.97500370E-04
5.93526833E-02  2.34044516E-02  1.97047521E-04
5.94764637E-02  2.33721833E-02  1.96438569E-04
5.96002440E-02  2.30191654E-02  1.95832364E-04
5.97240244E-02  2.27755826E-02  1.95758509E-04
5.98478047E-02  2.36974085E-02  1.96192538E-04
5.99715851E-02  2.36325933E-02  1.96512535E-04
6.00953655E-02  2.31582927E-02  1.93992787E-04
6.02191458E-02  2.29245938E-02  1.95542072E-04
6.03429262E-02  2.37302317E-02  1.95751911E-04
6.04667066E-02  2.33388049E-02  1.94273357E-04
6.05904869E-02  2.30891374E-02  1.94956763E-04
6.07142673E-02  2.31208290E-02  1.93665497E-04
6.08380476E-02  2.31425464E-02  1.94729216E-04
6.09618280E-02  2.30025813E-02  1.93531705E-04
6.10856084E-02  2.25059714E-02  1.92287018E-04
6.12093887E-02  2.31874718E-02  1.93247256E-04
6.13331691E-02  2.31358125E-02  1.92667539E-04
6.14569494E-02  2.28510701E-02  1.93532464E-04
6.15807298E-02  2.28613408E-02  1.91254278E-04
6.17045102E-02  2.26268095E-02  1.91159452E-04
6.18282905E-02  2.25844558E-02  1.91869689E-04
6.19520709E-02  2.28246452E-02  1.91349070E-04
6.20758513E-02  2.26900798E-02  1.91761478E-04
6.21996316E-02  2.26024928E-02  1.90208755E-04
6.23234120E-02  2.26630679E-02  1.90580492E-04
6.24471923E-02  2.28109373E-02  1.90625889E-04
6.25709727E-02  2.25897220E-02  1.90203907E-04
6.26947531E-02  2.29865009E-02  1.90261906E-04
6.28185334E-02  2.25277266E-02  1.89096827E-04
6.29423138E-02  2.23567598E-02  1.89776170E-04
6.30660941E-02  2.24943119E-02  1.88673055E-04
6.31898745E-02  2.24673833E-02  1.88826420E-04
6.33136549E-02  2.23124938E-02  1.87973477E-04
6.34374352E-02  2.23165890E-02  1.88369837E-04
6.35612156E-02  2.27373782E-02  1.88797940E-04
6.36849959E-02  2.24730254E-02  1.87564269E-04
6.38087763E-02  2.22631982E-02  1.87983984E-04
6.39325567E-02  2.25043270E-02  1.87114869E-04
6.40563370E-02  2.20729176E-02  1.87157801E-04
6.41801174E-02  2.24745310E-02  1.87595723E-04
6.43038978E-02  2.23841640E-02  1.86455865E-04
6.44276781E-02  2.24190946E-02  1.86990453E-04
6.45514585E-02  2.22821488E-02  1.86266588E-04
6.46752388E-02  2.26278950E-02  1.86769160E-04
6.47990192E-02  2.24848786E-02  1.85832837E-04
6.49227996E-02  2.22384426E-02  1.84942912E-04
6.50465799E-02  2.19001825E-02  1.85339313E-04
6.51703603E-02  2.19294758E-02  1.85246060E-04
6.52941406E-02  2.18411702E-02  1.84772404E-04
6.54179210E-02  2.18853107E-02  1.84047156E-04
6.55417014E-02  2.19227745E-02  1.83957366E-04
6.56654817E-02  2.18956602E-02  1.84255045E-04
6.57892621E-02  2.19156881E-02  1.83585878E-04
6.59130425E-02  2.21744933E-02  1.83877375E-04
6.60368228E-02  2.16090036E-02  1.82573952E-04
6.61606032E-02  2.22707822E-02  1.83834928E-04
6.62843835E-02  2.15525267E-02  1.82498206E-04
6.64081639E-02  2.19993753E-02  1.83107262E-04
6.65319443E-02  2.20035298E-02  1.82735419E-04
6.66557246E-02  2.20435635E-02  1.82299081E-04
6.67795050E-02  2.17589154E-02  1.82131243E-04
6.69032853E-02  2.15995842E-02  1.81084562E-04
6.70270657E-02  2.16376824E-02  1.81078911E-04
6.71508461E-02  2.18481358E-02  1.81428701E-04
6.72746264E-02  2.15130686E-02  1.80714888E-04
6.73984068E-02  2.17264281E-02  1.81439951E-04
6.75221872E-02  2.15752830E-02  1.80327686E-04
6.76459675E-02  2.15999464E-02  1.80286941E-04
6.77697479E-02  2.13632759E-02  1.79962232E-04
6.78935282E-02  2.13686817E-02  1.79704940E-04
6.80173086E-02  2.14781841E-02  1.79810563E-04
6.81410890E-02  2.13849198E-02  1.79265241E-04
6.82648693E-02  2.15883250E-02  1.79659207E-04
6.83886497E-02  2.15436715E-02  1.79448351E-04
6.85124300E-02  2.11531913E-02  1.78105966E-04
6.86362104E-02  2.12829501E-02  1.78454411E-04
6.87599908E-02  2.14811687E-02  1.78968314E-04
6.88837711E-02  2.13347337E-02  1.78255305E-04
6.90075515E-02  2.12554263E-02  1.77783689E-04
6.91313319E-02  2.13231509E-02  1.77650050E-04
6.92551122E-02  2.11782970E-02  1.77869873E-04
6.93788926E-02  2.12922364E-02  1.76981631E-04
6.95026729E-02  2.10361227E-02  1.76876693E-04
6.96264533E-02  2.11523418E-02  1.76601766E-04
6.97502337E-02  2.10270650E-02  1.76592976E-04
6.98740140E-02  2.12346868E-02  1.76777552E-04
6.99977944E-02  2.10887195E-02  1.76226194E-04
7.01215747E-02  2.09380791E-02  1.75971827E-04
7.02453551E-02  2.08739959E-02  1.75616528E-04
7.03691355E-02  2.11775016E-02  1.75502124E-04
7.04929158E-02  2.11953328E-02  1.75780289E-04
7.06166962E-02  2.09119609E-02  1.75640572E-04
7.07404766E-02  2.08964525E-02  1.74382817E-04
7.08642569E-02  2.09591698E-02  1.75115438E-04
7.09880373E-02  2.09790532E-02  1.74053812E-04
7.11118176E-02  2.05027219E-02  1.74157028E-04
7.12355980E-02  2.06598065E-02  1.73805787E-04
7.13593784E-02  2.08608889E-02  1.73960050E-04
7.14831587E-02  2.06952103E-02  1.73805622E-04
7.16069391E-02  2.03233583E-02  1.73017349E-04
7.17307194E-02  2.08097666E-02  1.73040914E-04
7.18544998E-02  2.06443627E-02  1.72680365E-04
7.19782802E-02  2.07556492E-02  1.73199901E-04
7.21020605E-02  2.04787014E-02  1.72913424E-04
7.22258409E-02  2.08159831E-02  1.72375787E-04
7.23496212E-02  2.04838656E-02  1.72228765E-04
7.24734016E-02  2.07345472E-02  1.72441629E-04
7.25971820E-02  2.06356228E-02  1.71776721E-04
7.27209623E-02  2.03451720E-02  1.71371193E-04
7.28447427E-02  2.03659232E-02  1.71517757E-04
7.29685231E-02  2.03471210E-02  1.71222436E-04
7.30923034E-02  2.07087998E-02  1.70996179E-04
7.32160838E-02  2.03744743E-02  1.71314058E-04
7.33398641E-02  2.01580036E-02  1.69872205E-04
7.34636445E-02  2.05709794E-02  1.71241921E-04
7.35874249E-02  2.01560233E-02  1.70184622E-04
7.37112052E-02  2.02633244E-02  1.70489892E-04
7.38349856E-02  2.04002581E-02  1.70494487E-04
7.39587659E-02  2.02581353E-02  1.69069139E-04
7.40825463E-02  2.00465014E-02  1.69776955E-04
7.42063267E-02  2.01222489E-02  1.69075230E-04
7.43301070E-02  2.01308912E-02  1.69319659E-04
7.44538874E-02  2.03723659E-02  1.69164746E-04
7.45776678E-02  1.98173712E-02  1.68178547E-04
7.47014481E-02  2.01199953E-02  1.68982942E-04
7.48252285E-02  1.98830531E-02  1.68061333E-04
7.49490088E-02  2.00396625E-02  1.67990998E-04
7.50727892E-02  1.99924175E-02  1.68332143E-04
7.51965696E-02  1.99895927E-02  1.67329089E-04
7.53203499E-02  1.99239261E-02  1.67778579E-04
7.54441303E-02  2.01070756E-02  1.67456272E-04
7.55679106E-02  1.96382998E-02  1.67206443E-04
7.56916910E-02  1.95635517E-02  1.67059268E-04
7.58154714E-02  1.97075263E-02  1.66538284E-04
7.59392517E-02  1.95707096E-02  1.66725518E-04
7.60630321E-02  1.94365761E-02  1.65597508E-04
7.61868125E-02  1.97803854E-02  1.66475386E-04
7.63105928E-02  1.92112793E-02  1.65474948E-04
7.64343732E-02  1.97306798E-02  1.66249003E-04
7.65581535E-02  1.98752291E-02  1.65838853E-04
7.66819339E-02  1.95066341E-02  1.65311698E-04
7.68057143E-02  1.94356177E-02  1.65392305E-04
7.69294946E-02  1.94415380E-02  1.64993608E-04
7.70532750E-02  1.95637351E-02  1.64928868E-04
7.71770553E-02  1.95669691E-02  1.64924296E-04
7.73008357E-02  1.93952860E-02  1.64545610E-04
7.74246161E-02  1.92477415E-02  1.64224107E-04
7.75483964E-02  1.92536473E-02  1.64113757E-04
7.76721768E-02  1.93805400E-02  1.64115741E-04
7.77959572E-02  1.94266170E-02  1.64191587E-04
7.79197375E-02  1.96123768E-02  1.64101893E-04
7.80435179E-02  1.91015381E-02  1.63124456E-04
7.81672982E-02  1.94406497E-02  1.63273018E-04
7.82910786E-02  1.90901641E-02  1.63326236E-04
7.84148590E-02  1.91773995E-02  1.62924098E-04
7.85386393E-02  1.94698257E-02  1.63782793E-04
7.86624197E-02  1.90923714E-02  1.62199848E-04
7.87862000E-02  1.92441112E-02  1.62414896E-04
7.89099804E-02  1.91803817E-02  1.61928347E-04
7.90337608E-02  1.90163310E-02  1.61919238E-04
7.91575411E-02  1.90615332E-02  1.62542155E-04
7.92813215E-02  1.89738524E-02  1.61604874E-04
7.94051019E-02  1.88624509E-02  1.61704560E-04
7.95288822E-02  1.87898431E-02  1.61232171E-04
7.96526626E-02  1.89401753E-02  1.61328532E-04
7.97764429E-02  1.89024221E-02  1.60971329E-04
7.99002233E-02  1.88748360E-02  1.60665791E-04
8.00240037E-02  1.87281323E-02  1.60986351E-04
8.01477840E-02  1.84454191E-02  1.59907820E-04
8.02715644E-02  1.86917218E-02  1.59773107E-04
8.03953447E-02  1.88536640E-02  1.60541006E-04
8.05191251E-02  1.88600383E-02  1.59738396E-04
8.06429055E-02  1.84091740E-02  1.60140033E-04
8.07666858E-02  1.85969582E-02  1.59258405E-04
8.08904662E-02  1.85383489E-02  1.59328756E-04
8.10142465E-02  1.84072510E-02  1.59182278E-04
8.11380269E-02  1.84405932E-02  1.58645138E-04
8.12618073E-02  1.84868182E-02  1.59493450E-04
8.13855876E-02  1.85345134E-02  1.58723694E-04
8.15093680E-02  1.84156205E-02  1.58655251E-04
8.16331484E-02  1.85640426E-02  1.58593931E-04
8.17569287E-02  1.85367381E-02  1.58101480E-04
8.18807091E-02  1.86002758E-02  1.58457535E-04
8.20044894E-02  1.83129623E-02  1.57956201E-04
8.21282698E-02  1.79821585E-02  1.57448280E-04
8.22520502E-02  1.84465704E-02  1.57813676E-04
8.23758305E-02  1.82349587E-02  1.57578092E-04
8.24996109E-02  1.85304925E-02  1.57527296E-04
8.26233912E-02  1.85932551E-02  1.57222843E-04
8.27471716E-02  1.80238288E-02  1.57157071E-04
8.28709520E-02  1.84055259E-02  1.57062324E-04
8.29947323E-02  1.82879243E-02  1.56645224E-04
8.31185127E-02  1.80356765E-02  1.56160737E-04
8.32422931E-02  1.80073074E-02  1.56412835E-04
8.33660734E-02  1.80433679E-02  1.56858581E-04
8.35517440E-02  1.80859519E-02  1.10258557E-04
8.37374145E-02  1.80243136E-02  1.55846848E-04
8.38611949E-02  1.76872016E-02  1.54878079E-04
8.39849752E-02  1.78553714E-02  1.55435540E-04
8.41087556E-02  1.77411096E-02  1.54742857E-04
8.42325359E-02  1.78625884E-02  1.55217119E-04
8.43563163E-02  1.79640700E-02  1.55097732E-04
8.44800967E-02  1.77670807E-02  1.54425746E-04
8.46038770E-02  1.78646139E-02  1.54265619E-04
8.47276574E-02  1.77400523E-02  1.54760609E-04
8.48514378E-02  1.79755912E-02  1.54424322E-04
8.49752181E-02  1.76236434E-02  1.54238657E-04
8.50989985E-02  1.77952678E-02  1.53871632E-04
8.52227788E-02  1.75859031E-02  1.53807635E-04
8.54084494E-02  1.75576740E-02  1.08458671E-04
8.55941199E-02  1.75800081E-02  1.53316311E-04
8.57179003E-02  1.75899999E-02  1.53533433E-04
8.58416806E-02  1.72909355E-02  1.52461288E-04
8.59654610E-02  1.77446608E-02  1.53578111E-04
8.60892414E-02  1.74935890E-02  1.52587221E-04
8.62130217E-02  1.73819222E-02  1.52916836E-04
8.63368021E-02  1.73710406E-02  1.52179260E-04
8.64605825E-02  1.73468995E-02  1.51967877E-04
8.65843628E-02  1.73475059E-02  1.52213462E-04
8.67081432E-02  1.70953021E-02  1.51377849E-04
8.68319235E-02  1.74247658E-02  1.52687565E-04
8.70175941E-02  1.73009022E-02  1.08185062E-04
8.72032646E-02  1.68588649E-02  1.53365099E-04
8.73270450E-02  1.67973164E-02  1.52828179E-04
8.74508253E-02  1.71001227E-02  1.54580236E-04
8.75746057E-02  1.69436000E-02  1.54077309E-04
8.76983861E-02  1.73353559E-02  1.54510095E-04
8.78221664E-02  1.71343716E-02  1.54931928E-04
8.79459468E-02  1.68538081E-02  1.54175341E-04
8.80697271E-02  1.72637133E-02  1.55306840E-04
8.82553977E-02  1.69376873E-02  1.09198883E-04
8.84410682E-02  1.68614404E-02  1.54978263E-04
8.85648486E-02  1.72115034E-02  1.55465632E-04
8.86886290E-02  1.66141465E-02  1.54748924E-04
8.88124093E-02  1.67580625E-02  1.54628615E-04
8.89361897E-02  1.68830215E-02  1.54832125E-04
8.90599700E-02  1.68717700E-02  1.55339090E-04
8.91837504E-02  1.66486791E-02  1.55236992E-04
8.93694209E-02  1.65952247E-02  1.09319158E-04
8.95550915E-02  1.68689420E-02  1.55362954E-04
8.96788718E-02  1.64838575E-02  1.54590881E-04
8.98026522E-02  1.66626784E-02  1.55516245E-04
8.99264326E-02  1.66773242E-02  1.55225847E-04
9.00502129E-02  1.66439946E-02  1.54994461E-04
9.01739933E-02  1.66552753E-02  1.55419360E-04
9.03596638E-02  1.64639534E-02  1.09569774E-04
9.05453344E-02  1.61974320E-02  1.54686615E-04
9.06691147E-02  1.66472782E-02  1.55146740E-04
9.07928951E-02  1.62746758E-02  1.55357561E-04
9.09166755E-02  1.62713657E-02  1.54719982E-04
9.10404558E-02  1.65889134E-02  1.55633599E-04
9.11642362E-02  1.62240188E-02  1.54631528E-04
9.13499067E-02  1.63390332E-02  1.09522584E-04
9.15355773E-02  1.62259388E-02  1.54951726E-04
9.16593576E-02  1.60446103E-02  1.54492238E-04
9.17831380E-02  1.62186816E-02  1.54617931E-04
9.19069184E-02  1.60857326E-02  1.54384018E-04
9.20306987E-02  1.61415786E-02  1.54542240E-04
9.22163693E-02  1.60078721E-02  1.09025882E-04
9.24020398E-02  1.62098694E-02  1.54541410E-04
9.25258202E-02  1.59281967E-02  1.53819231E-04
9.26496005E-02  1.60242876E-02  1.53644358E-04
9.27733809E-02  1.56604126E-02  1.53873104E-04
9.28971612E-02  1.56880670E-02  1.53311193E-04
9.30828318E-02  1.56809221E-02  1.08431061E-04
9.32685023E-02  1.56270701E-02  1.52763198E-04
9.33922827E-02  1.56724371E-02  1.53622538E-04
9.35160631E-02  1.59923346E-02  1.53136034E-04
9.36398434E-02  1.56988014E-02  1.53360582E-04
9.38255140E-02  1.54947638E-02  1.07819571E-04
9.40111845E-02  1.56825101E-02  1.52918130E-04
9.41349649E-02  1.55998349E-02  1.52463085E-04
9.42587452E-02  1.56162500E-02  1.52894735E-04
9.43825256E-02  1.55741712E-02  1.52178613E-04
9.45063059E-02  1.54256224E-02  1.52108337E-04
9.46919765E-02  1.55509199E-02  1.07665438E-04
9.48776470E-02  1.53191371E-02  1.52463761E-04
9.50014274E-02  1.56497390E-02  1.52031913E-04
9.51252078E-02  1.52505485E-02  1.51839638E-04
9.52489881E-02  1.53642410E-02  1.51553215E-04
9.54346587E-02  1.53491782E-02  1.07468153E-04
9.56203292E-02  1.51937851E-02  1.51171084E-04
9.57441096E-02  1.53321118E-02  1.51922287E-04
9.58678899E-02  1.51591874E-02  1.50852868E-04
9.60535605E-02  1.52900698E-02  1.07094517E-04
9.62392310E-02  1.52233059E-02  1.51536364E-04
9.63630114E-02  1.50268317E-02  1.51025125E-04
9.64867917E-02  1.52442510E-02  1.50758180E-04
9.66105721E-02  1.53542973E-02  1.51936573E-04
9.67962426E-02  1.49684968E-02  1.06689551E-04
9.69819132E-02  1.48172820E-02  1.50832582E-04
9.71056935E-02  1.48951997E-02  1.50799077E-04
9.72294739E-02  1.48279316E-02  1.51033903E-04
9.74151444E-02  1.50573203E-02  1.07130160E-04
9.76008150E-02  1.49914971E-02  1.52642758E-04
9.77245953E-02  1.48083955E-02  1.53015862E-04
9.78483757E-02  1.48281702E-02  1.53557490E-04
9.80340462E-02  1.49240231E-02  1.08851528E-04
9.82197168E-02  1.46513848E-02  1.54432139E-04
9.83434971E-02  1.47910191E-02  1.54703065E-04
9.84672775E-02  1.47659417E-02  1.54790780E-04
9.85910579E-02  1.48996006E-02  1.55285299E-04
9.87767284E-02  1.46674797E-02  1.09720581E-04
9.89623990E-02  1.43109370E-02  1.55072336E-04
9.90861793E-02  1.46270344E-02  1.55871943E-04
9.92099597E-02  1.45810737E-02  1.56261478E-04
9.93956302E-02  1.46311663E-02  1.10412881E-04
9.95813008E-02  1.45132507E-02  1.56773281E-04
9.97050811E-02  1.44031539E-02  1.56210567E-04
9.98907517E-02  1.45130192E-02  1.10819729E-04
1.00076422E-01  1.43321224E-02  1.57087958E-04
1.00200203E-01  1.44722140E-02  1.56909806E-04
1.00323983E-01  1.42406787E-02  1.57232083E-04
1.00509653E-01  1.41326578E-02  1.11140843E-04
1.00695324E-01  1.43831144E-02  1.57406447E-04
1.00819104E-01  1.40415962E-02  1.57422413E-04
1.00942885E-01  1.44707579E-02  1.58060710E-04
1.01128555E-01  1.40968497E-02  1.11375049E-04
1.01314226E-01  1.41062717E-02  1.58220789E-04
1.01438006E-01  1.42557214E-02  1.57990471E-04
1.01623677E-01  1.40258945E-02  1.11770591E-04
1.01809347E-01  1.40311814E-02  1.57927613E-04
1.01933128E-01  1.39067037E-02  1.58532908E-04
1.02056908E-01  1.40326160E-02  1.57934705E-04
1.02242579E-01  1.40590773E-02  1.13227239E-04
1.02428249E-01  1.38340884E-02  1.59404793E-04
1.02552029E-01  1.37733900E-02  1.59866598E-04
1.02737700E-01  1.38928322E-02  1.12633857E-04
1.02923371E-01  1.37014515E-02  1.58758386E-04
1.03047151E-01  1.37497551E-02  1.59472588E-04
1.03232821E-01  1.37709118E-02  1.12771030E-04
1.03418492E-01  1.36948121E-02  1.59898963E-04
1.03542272E-01  1.35127679E-02  1.58981708E-04
1.03666053E-01  1.38452642E-02  1.60015189E-04
1.03851723E-01  1.34666904E-02  1.12742795E-04
1.04037394E-01  1.36103376E-02  1.60058176E-04
1.04161174E-01  1.33309035E-02  1.59493677E-04
1.04346845E-01  1.32958349E-02  1.12763165E-04
1.04532515E-01  1.30583049E-02  1.59166273E-04
1.04656296E-01  1.30863620E-02  1.60053748E-04
1.04841966E-01  1.32839457E-02  1.12740009E-04
1.05027637E-01  1.34621837E-02  1.59836915E-04
1.05151417E-01  1.34151980E-02  1.60345729E-04
1.05337088E-01  1.31531304E-02  1.12959259E-04
1.05522758E-01  1.30031801E-02  1.59304424E-04
1.05646538E-01  1.26988266E-02  1.59377339E-04
1.05832209E-01  1.32498502E-02  1.13281503E-04
1.06017880E-01  1.27424211E-02  1.59330379E-04
1.06141660E-01  1.30346328E-02  1.59697556E-04
1.06327330E-01  1.29951028E-02  1.13080536E-04
1.06513001E-01  1.28655760E-02  1.59326047E-04
1.06636781E-01  1.32234317E-02  1.60952611E-04
1.06822452E-01  1.27975777E-02  1.13083743E-04
1.07008122E-01  1.31053633E-02  1.59670029E-04
1.07131903E-01  1.25935122E-02  1.59744669E-04
1.07317573E-01  1.27395687E-02  1.13190653E-04
1.07503244E-01  1.27180471E-02  1.60918703E-04
1.07688914E-01  1.27367039E-02  1.13170617E-04
1.07874585E-01  1.27712661E-02  1.61296340E-04
1.07998365E-01  1.26279502E-02  1.59354405E-04
1.08184036E-01  1.27201251E-02  1.14119871E-04
1.08369706E-01  1.26047462E-02  1.61577786E-04
1.08493487E-01  1.24028225E-02  1.62326345E-04
1.08679157E-01  1.24010524E-02  1.14906743E-04
1.08864828E-01  1.25491137E-02  1.63949141E-04
1.09050498E-01  1.24938464E-02  1.16400733E-04
1.09236169E-01  1.24309028E-02  1.65085770E-04
1.09359949E-01  1.24807282E-02  1.66019390E-04
1.09545620E-01  1.22346582E-02  1.16836080E-04
1.09731290E-01  1.23254309E-02  1.66111133E-04
1.09855071E-01  1.23273819E-02  1.65836617E-04
1.10040741E-01  1.23365908E-02  1.17739793E-04
1.10226412E-01  1.19824283E-02  1.66460592E-04
1.10412082E-01  1.22644440E-02  1.18003774E-04
1.10597753E-01  1.19985341E-02  1.66674702E-04
1.10721533E-01  1.19053647E-02  1.66714902E-04
1.10907204E-01  1.21733904E-02  1.18430444E-04
1.11092874E-01  1.20871749E-02  1.67927927E-04
1.11278545E-01  1.18904414E-02  1.18250007E-04
1.11464215E-01  1.19724934E-02  1.67756857E-04
1.11587996E-01  1.24666792E-02  1.68932446E-04
1.11773666E-01  1.17537185E-02  1.18737986E-04
1.11959337E-01  1.20845997E-02  1.68847842E-04
1.12145007E-01  1.18841398E-02  1.19044892E-04
1.12330678E-01  1.17294023E-02  1.68232776E-04
1.12516349E-01  1.18459179E-02  1.19404100E-04
1.12702019E-01  1.17683499E-02  1.68777924E-04
1.12825799E-01  1.18226710E-02  1.69014190E-04
1.13011470E-01  1.17077809E-02  1.19562182E-04
1.13197141E-01  1.18930816E-02  1.70023675E-04
1.13382811E-01  1.14819888E-02  1.19443637E-04
1.13568482E-01  1.16997991E-02  1.69704165E-04
1.13754152E-01  1.15111140E-02  1.19740119E-04
1.13939823E-01  1.16992185E-02  1.69742962E-04
1.14063603E-01  1.14783882E-02  1.69540551E-04
1.14249274E-01  1.16173586E-02  1.19593647E-04
1.14434944E-01  1.15984427E-02  1.69004110E-04
1.14620615E-01  1.13402535E-02  1.19542307E-04
1.14806285E-01  1.14462571E-02  1.68894818E-04
1.14991956E-01  1.10482637E-02  1.18907627E-04
1.15177626E-01  1.10622748E-02  1.69106979E-04
1.15363297E-01  1.12617525E-02  1.19120368E-04
1.15548967E-01  1.11711113E-02  1.68129589E-04
1.15734638E-01  1.11515211E-02  1.19039074E-04
1.15920308E-01  1.09856152E-02  1.67756435E-04
1.16105979E-01  1.10379726E-02  1.18911455E-04
1.16291650E-01  1.14547950E-02  1.68733912E-04
1.16415430E-01  1.10107930E-02  1.67664405E-04
1.16601100E-01  1.11414729E-02  1.18630385E-04
1.16786771E-01  1.06999701E-02  1.67687533E-04
1.16972442E-01  1.08479303E-02  1.18495844E-04
1.17158112E-01  1.08009346E-02  1.66732562E-04
1.17343783E-01  1.07102403E-02  1.18333029E-04
1.17529453E-01  1.07386875E-02  1.67548213E-04
1.17715124E-01  1.08169275E-02  1.18513580E-04
1.17900794E-01  1.05359311E-02  1.67404749E-04
1.18086465E-01  1.06196565E-02  1.17789542E-04
1.18272135E-01  1.06644626E-02  1.66392629E-04
1.18457806E-01  1.07209554E-02  1.18146493E-04
1.18643476E-01  1.05334774E-02  1.66895528E-04
1.18829147E-01  1.06835111E-02  1.18063702E-04
1.19014818E-01  1.01449542E-02  1.66130952E-04
1.19200488E-01  1.06294190E-02  1.17621683E-04
1.19386159E-01  1.04752025E-02  1.66933431E-04
1.19571829E-01  1.04523561E-02  1.17287247E-04
1.19757500E-01  1.06414639E-02  1.66351829E-04
1.19943170E-01  1.04349185E-02  1.17479045E-04
1.20128841E-01  1.05594745E-02  1.66539673E-04
1.20314511E-01  1.05046703E-02  1.17632921E-04
1.20500182E-01  1.01742117E-02  1.65486877E-04
1.20685852E-01  1.02131610E-02  1.16780726E-04
1.20933413E-01  1.04478628E-02  1.17443897E-04
1.21119084E-01  1.02924016E-02  1.66087379E-04
1.21304754E-01  9.93359831E-03  1.16447296E-04
1.21490425E-01  1.02164962E-02  1.64944727E-04
1.21676095E-01  1.01832588E-02  1.17095459E-04
1.21861766E-01  1.02701929E-02  1.65090307E-04
1.22047436E-01  1.00685658E-02  1.16725655E-04
1.22233107E-01  9.87491064E-03  1.64640348E-04
1.22418777E-01  9.98097230E-03  1.16747701E-04
1.22604448E-01  1.00250854E-02  1.65470404E-04
1.22790119E-01  1.00418774E-02  1.16741506E-04
1.22975789E-01  9.73077368E-03  1.63977801E-04
1.23161460E-01  9.88638681E-03  1.16454186E-04
1.23409020E-01  9.89516427E-03  1.16051309E-04
1.23594691E-01  9.37577955E-03  1.63628645E-04
1.23780361E-01  9.71377487E-03  1.16092962E-04
1.23966032E-01  9.82111545E-03  1.64726319E-04
1.24151703E-01  9.70528935E-03  1.15900428E-04
1.24337373E-01  9.79448811E-03  1.64062995E-04
1.24523044E-01  9.69054491E-03  1.16234346E-04
1.24770604E-01  9.76546513E-03  1.15817864E-04
1.24956275E-01  9.52499821E-03  1.63211545E-04
1.25141945E-01  9.47807999E-03  1.15751934E-04
1.25327616E-01  9.83191726E-03  1.63495267E-04
1.25513286E-01  9.38173358E-03  1.15416013E-04
1.25760847E-01  9.48287815E-03  1.15611520E-04
1.25946518E-01  9.14897143E-03  1.62416376E-04
1.26132188E-01  9.47391020E-03  1.15293019E-04
1.26317859E-01  9.65165821E-03  1.63807943E-04
1.26503529E-01  9.46085595E-03  1.14886455E-04
1.26751090E-01  9.28183970E-03  1.14948941E-04
1.26936761E-01  9.29554249E-03  1.63539918E-04
1.27122431E-01  9.11719616E-03  1.14484417E-04
1.27308102E-01  9.13679250E-03  1.63893638E-04
1.27493772E-01  9.05791403E-03  1.14278013E-04
1.27741333E-01  9.10046663E-03  1.14483167E-04
1.27927004E-01  9.15713291E-03  1.63103415E-04
1.28112674E-01  8.90322441E-03  1.14051352E-04
1.28298345E-01  9.01441169E-03  1.61795275E-04
1.28484015E-01  9.03639739E-03  1.14269348E-04
1.28731576E-01  8.99662992E-03  1.14466831E-04
1.28917246E-01  8.73846855E-03  1.60931791E-04
1.29102917E-01  8.90066223E-03  1.13878144E-04
1.29350478E-01  8.79876069E-03  1.14238925E-04
1.29536148E-01  8.72747269E-03  1.60136003E-04
1.29721819E-01  8.84758654E-03  1.14438688E-04
1.29907489E-01  8.62665028E-03  1.61118727E-04
1.30093160E-01  8.64480755E-03  1.13461555E-04
1.30340721E-01  8.85178140E-03  1.14117656E-04
1.30526391E-01  8.73822572E-03  1.61137331E-04
1.30712062E-01  8.53470242E-03  1.13392433E-04
1.30959622E-01  8.58095991E-03  1.13238655E-04
1.31145293E-01  8.62568610E-03  1.60516991E-04
1.31330963E-01  8.56837476E-03  1.13120281E-04
1.31578524E-01  8.60223533E-03  1.13080893E-04
1.31764195E-01  8.43591179E-03  1.59732711E-04
1.31949865E-01  8.35775117E-03  1.12740480E-04
1.32197426E-01  8.47220591E-03  1.12775277E-04
1.32383097E-01  8.28872648E-03  1.58534931E-04
1.32568767E-01  8.35021740E-03  1.12298922E-04
1.32816328E-01  8.45863455E-03  1.12442133E-04
1.33001998E-01  8.04469759E-03  1.58145091E-04
1.33187669E-01  8.27891510E-03  1.12004890E-04
1.33435230E-01  8.38508234E-03  1.12155551E-04
1.33682790E-01  8.19130476E-03  1.11545495E-04
1.33868461E-01  8.22496135E-03  1.57639870E-04
1.34054131E-01  8.42923332E-03  1.11696238E-04
1.34301692E-01  8.12844325E-03  1.10891438E-04
1.34487363E-01  8.01940818E-03  1.57706675E-04
1.34673033E-01  8.13371869E-03  1.11299215E-04
1.34920594E-01  7.98204752E-03  1.11100393E-04
1.35106264E-01  8.02458688E-03  1.57143158E-04
1.35291935E-01  7.98899098E-03  1.10925758E-04
1.35539496E-01  8.02592360E-03  1.10861374E-04
1.35787056E-01  7.94801793E-03  1.10789461E-04
1.35972727E-01  7.89646444E-03  1.57492447E-04
1.36158398E-01  8.05258033E-03  1.10866094E-04
1.36405958E-01  7.95519230E-03  1.10937131E-04
1.36591629E-01  7.84829278E-03  1.56870988E-04
1.36777299E-01  7.88793953E-03  1.10554855E-04
1.37024860E-01  7.65597999E-03  1.10191257E-04
1.37272421E-01  7.70649612E-03  1.10539393E-04
1.37458091E-01  7.73825933E-03  1.56257265E-04
1.37643762E-01  7.56736158E-03  1.09974759E-04
1.37891323E-01  7.60567183E-03  1.10254553E-04
1.38138883E-01  7.55618915E-03  1.10202782E-04
1.38324554E-01  7.65650139E-03  1.55478567E-04
1.38510224E-01  7.37428527E-03  1.09672216E-04
1.38757785E-01  7.46418986E-03  1.10200876E-04
1.39005346E-01  7.47172863E-03  1.09947707E-04
1.39191016E-01  7.32002252E-03  1.55022237E-04
1.39376687E-01  7.45425869E-03  1.09819464E-04
1.39624248E-01  7.37448071E-03  1.09696778E-04
1.39871808E-01  7.22007426E-03  1.09200801E-04
1.40057479E-01  7.26923534E-03  1.54875617E-04
1.40243149E-01  7.21819502E-03  1.09430519E-04
1.40490710E-01  7.37068811E-03  1.09507217E-04
1.40738271E-01  7.15458519E-03  1.09192496E-04
1.40985832E-01  7.09635878E-03  1.09111682E-04
1.41171502E-01  6.71393253E-03  1.53193436E-04
1.41357173E-01  7.22690600E-03  1.09629923E-04
1.41604733E-01  7.11086551E-03  1.09073839E-04
1.41852294E-01  7.13805878E-03  1.09250205E-04
1.42099855E-01  7.04698648E-03  1.08595037E-04
1.42285525E-01  7.19987734E-03  1.54757107E-04
1.42471196E-01  6.83136309E-03  1.08773978E-04
1.42718757E-01  7.02895079E-03  1.08333236E-04
1.42966317E-01  6.87957870E-03  1.08787191E-04
1.43213878E-01  6.97505491E-03  1.08419990E-04
1.43399549E-01  6.92429639E-03  1.53365340E-04
1.43585219E-01  6.65301459E-03  1.08413258E-04
1.43832780E-01  6.74530232E-03  1.08316390E-04
1.44080341E-01  6.75609037E-03  1.08383331E-04
1.44327901E-01  6.65492076E-03  1.07971041E-04
1.44513572E-01  6.43458935E-03  1.53344315E-04
1.44699242E-01  6.93384886E-03  1.08326437E-04
1.44946803E-01  6.60234954E-03  1.08033476E-04
1.45194364E-01  6.62209267E-03  1.07863091E-04
1.45441925E-01  6.62639050E-03  1.07631827E-04
1.45689485E-01  6.48568075E-03  1.07468889E-04
1.45937046E-01  6.63056269E-03  1.07901631E-04
1.46122717E-01  6.58777522E-03  1.52504791E-04
1.46308387E-01  6.42189283E-03  1.07723776E-04
1.46555948E-01  6.43778061E-03  1.07270261E-04
1.46803509E-01  6.59758263E-03  1.07301875E-04
1.47051069E-01  6.44721125E-03  1.07508797E-04
1.47298630E-01  6.28711081E-03  1.07275473E-04
1.47546191E-01  6.46024760E-03  1.07323423E-04
1.47731861E-01  6.27300322E-03  1.51630893E-04
1.47917532E-01  6.32438794E-03  1.07404931E-04
1.48165093E-01  5.95456333E-03  1.06562155E-04
1.48412653E-01  6.15473007E-03  1.06659576E-04
1.48660214E-01  6.05144780E-03  1.06845389E-04
1.48907775E-01  6.18229807E-03  1.06685797E-04
1.49155336E-01  6.00240548E-03  1.06731273E-04
1.49402896E-01  6.11548313E-03  1.06730477E-04
1.49588567E-01  6.24676686E-03  1.50908222E-04
1.49774237E-01  6.09454482E-03  1.06599912E-04
1.50021798E-01  6.16750335E-03  1.06860147E-04
1.50269359E-01  6.00941616E-03  1.06202940E-04
1.50516919E-01  5.93520081E-03  1.06414597E-04
1.50764480E-01  5.99718176E-03  1.06120811E-04
1.51012041E-01  5.90587198E-03  1.06279635E-04
1.51259602E-01  5.88795778E-03  1.06416956E-04
1.51507162E-01  5.80351209E-03  1.06201484E-04
1.51754723E-01  5.82131359E-03  1.06128893E-04
1.52002284E-01  5.99865050E-03  1.05944520E-04
1.52187954E-01  5.78765750E-03  1.49679923E-04
1.52373625E-01  5.72301666E-03  1.05855695E-04
1.52621186E-01  5.73206090E-03  1.05887862E-04
1.52868746E-01  5.84316523E-03  1.05795849E-04
1.53116307E-01  5.84823592E-03  1.05735878E-04
1.53363868E-01  5.88308880E-03  1.05777854E-04
1.53611429E-01  5.68391521E-03  1.05491638E-04
1.53858989E-01  5.71792967E-03  1.05416245E-04
1.54106550E-01  5.68002137E-03  1.05553619E-04
1.54354111E-01  5.64152864E-03  1.05132403E-04
1.54601671E-01  5.57744916E-03  1.05142396E-04
1.54849232E-01  5.61995773E-03  1.05569027E-04
1.55096793E-01  5.32495895E-03  1.05136137E-04
1.55344354E-01  5.45149099E-03  1.04905727E-04
1.55591914E-01  5.46046879E-03  1.04663997E-04
1.55839475E-01  5.35505053E-03  1.04901485E-04
1.56087036E-01  5.29645803E-03  1.04591613E-04
1.56334596E-01  5.42165133E-03  1.05032690E-04
1.56582157E-01  5.15366496E-03  1.04258038E-04
1.56829718E-01  5.24321265E-03  1.04436709E-04
1.57077279E-01  5.49113785E-03  1.04573714E-04
1.57324839E-01  5.46389582E-03  1.04372113E-04
1.57572400E-01  5.32384662E-03  1.04602015E-04
1.57819961E-01  5.21671406E-03  1.04466766E-04
1.58067522E-01  5.17535484E-03  1.04007057E-04
1.58315082E-01  5.27661132E-03  1.04247467E-04
1.58562643E-01  5.24255024E-03  1.04246907E-04
1.58810204E-01  5.24360586E-03  1.04181604E-04
1.59057764E-01  5.13506892E-03  1.04280053E-04
1.59305325E-01  4.92691597E-03  1.03762015E-04
1.59552886E-01  5.12776371E-03  1.03896668E-04
1.59800447E-01  5.14311016E-03  1.03979806E-04
1.60048007E-01  4.74262509E-03  1.03263723E-04
1.60295568E-01  5.21795662E-03  1.03734739E-04
1.60543129E-01  5.01150629E-03  1.03845016E-04
1.60790689E-01  4.80701572E-03  1.03354976E-04
1.61038250E-01  4.94350845E-03  1.03177021E-04
1.61285811E-01  4.92325756E-03  1.03492732E-04
1.61533372E-01  4.91685779E-03  1.03411512E-04
1.61780932E-01  4.84738090E-03  1.03358321E-04
1.62028493E-01  4.77565345E-03  1.03048376E-04
1.62276054E-01  4.73336685E-03  1.03299037E-04
1.62523615E-01  4.84349254E-03  1.03262306E-04
1.62771175E-01  4.72094655E-03  1.03012338E-04
1.63018736E-01  5.08149891E-03  1.03429036E-04
1.63266297E-01  4.68020079E-03  1.02895952E-04
1.63513857E-01  4.74066081E-03  1.03113210E-04
1.63761418E-01  4.80561591E-03  1.03197635E-04
1.64008979E-01  4.58386861E-03  1.02756232E-04
1.64318430E-01  4.67663927E-03  8.40079894E-05
1.64627881E-01  4.73880290E-03  1.02523171E-04
1.64875441E-01  4.71893216E-03  1.02842293E-04
1.65123002E-01  4.59082358E-03  1.02216316E-04
1.65370563E-01  4.68365347E-03  1.02470094E-04
1.65618124E-01  4.53791537E-03  1.02820324E-04
1.65865684E-01  4.42691360E-03  1.04436928E-04
1.66113245E-01  4.51600709E-03  1.05253784E-04
1.66360806E-01  4.53963763E-03  1.05955707E-04
1.66608366E-01  4.41123171E-03  1.06320930E-04
1.66855927E-01  4.62073306E-03  1.07371009E-04
1.67165378E-01  4.32016205E-03  8.76097059E-05
1.67474829E-01  4.45894278E-03  1.08635865E-04
1.67722390E-01  4.53192055E-03  1.08170589E-04
1.67969950E-01  4.59051717E-03  1.09152909E-04
1.68217511E-01  4.41356861E-03  1.08960475E-04
1.68465072E-01  4.29605323E-03  1.09536601E-04
1.68712633E-01  4.18067808E-03  1.09502729E-04
1.68960193E-01  4.16603353E-03  1.12005636E-04
1.69269644E-01  4.20568506E-03  9.34400920E-05
1.69579095E-01  4.18420943E-03  1.15853916E-04
1.69826656E-01  4.07338900E-03  1.17276053E-04
1.70074217E-01  4.24369329E-03  1.18521999E-04
1.70321777E-01  4.24042799E-03  1.19414524E-04
1.70569338E-01  4.05678898E-03  1.15354352E-04
1.70878789E-01  3.96574489E-03  9.21804160E-05
1.71188240E-01  4.15447891E-03  1.11498899E-04
1.71435801E-01  4.14798310E-03  1.10934610E-04
1.71683361E-01  4.13283610E-03  1.09615172E-04
1.71930922E-01  4.12792002E-03  1.09399634E-04
1.72178483E-01  4.03906480E-03  1.08094511E-04
1.72487934E-01  4.17687237E-03  8.76664161E-05
1.72797385E-01  4.07821540E-03  1.06723366E-04
1.73044945E-01  3.96574277E-03  1.06276137E-04
1.73292506E-01  3.89012107E-03  1.05909594E-04
1.73540067E-01  3.99761626E-03  1.06121995E-04
1.73849518E-01  3.83956172E-03  8.65376558E-05
1.74158969E-01  3.80678285E-03  1.05578238E-04
1.74406529E-01  4.00958668E-03  1.06064558E-04
1.74654090E-01  3.74644367E-03  1.05976764E-04
1.74901651E-01  3.85163435E-03  1.05452154E-04
1.75211102E-01  3.85858399E-03  8.61011034E-05
1.75520552E-01  3.71352939E-03  1.05530882E-04
1.75768113E-01  3.67304395E-03  1.05522159E-04
1.76015674E-01  3.79862804E-03  1.04806978E-04
1.76263235E-01  3.87422897E-03  1.05217730E-04
1.76572686E-01  3.77186115E-03  8.57207131E-05
1.76882136E-01  3.73638798E-03  1.04481708E-04
1.77129697E-01  3.64152862E-03  1.04346968E-04
1.77377258E-01  3.61803503E-03  1.04687007E-04
1.77686709E-01  3.72297513E-03  8.52384764E-05
1.77996160E-01  3.56951015E-03  1.04125173E-04
1.78243720E-01  3.58439196E-03  1.04323380E-04
1.78491281E-01  3.55498790E-03  1.03348840E-04
1.78800732E-01  3.62276325E-03  8.46856158E-05
1.79110183E-01  3.50267489E-03  1.03356668E-04
1.79357744E-01  3.43563184E-03  1.03263481E-04
1.79667195E-01  3.33305805E-03  8.39892418E-05
1.79976646E-01  3.47093372E-03  1.02882289E-04
1.80224206E-01  3.35075343E-03  1.02511154E-04
1.80471767E-01  3.42075252E-03  1.02730444E-04
1.80781218E-01  3.32766015E-03  8.37167271E-05
1.81090669E-01  3.63878908E-03  1.03003757E-04
1.81338229E-01  3.40896666E-03  1.02373225E-04
1.81647680E-01  3.35936824E-03  8.33272277E-05
1.81957131E-01  3.42382117E-03  1.02347894E-04
1.82204692E-01  3.60580819E-03  1.02561040E-04
1.82452253E-01  3.32242557E-03  1.02147381E-04
1.82761704E-01  3.34881896E-03  8.30438625E-05
1.83071155E-01  3.27435215E-03  1.02125515E-04
1.83318715E-01  3.35303842E-03  1.01301342E-04
1.83628166E-01  3.33475750E-03  8.31699671E-05
1.83937617E-01  3.31098212E-03  1.01730384E-04
1.84185178E-01  3.22647018E-03  1.01423460E-04
1.84494629E-01  3.17482717E-03  8.25443671E-05
1.84804080E-01  3.06244111E-03  1.01367360E-04
1.85051640E-01  3.21469884E-03  1.01042006E-04
1.85361091E-01  3.13209582E-03  8.22299319E-05
1.85670542E-01  3.02534019E-03  1.01022835E-04
1.85918103E-01  3.13766218E-03  1.00801263E-04
1.86227554E-01  3.09105571E-03  8.19172545E-05
1.86537005E-01  3.07645058E-03  1.00803401E-04
1.86784565E-01  2.95357231E-03  1.00404496E-04
1.87094016E-01  3.03383456E-03  8.18266822E-05
1.87403467E-01  3.07622577E-03  9.98647742E-05
1.87712918E-01  3.12692941E-03  8.15992871E-05
1.88022369E-01  3.08010441E-03  9.98489484E-05
1.88269930E-01  3.05652592E-03  1.00150829E-04
1.88579381E-01  3.00701739E-03  8.16440075E-05
1.88888832E-01  2.90346769E-03  9.93210494E-05
1.89136392E-01  2.90622496E-03  9.89659405E-05
1.89445843E-01  2.79172052E-03  8.06612056E-05
1.89755294E-01  2.98954532E-03  9.89108289E-05
1.90064745E-01  2.92373801E-03  8.08101325E-05
1.90374196E-01  2.80154363E-03  9.81508469E-05
1.90683647E-01  2.75431087E-03  8.08384389E-05
1.90993098E-01  2.90870632E-03  9.81588798E-05
1.91240658E-01  2.74319210E-03  9.81718355E-05
1.91550109E-01  2.89426706E-03  8.02262920E-05
1.91859560E-01  2.84337667E-03  9.82822241E-05
1.92169011E-01  2.70728011E-03  8.02070847E-05
1.92478462E-01  2.91052169E-03  9.74886074E-05
1.92726023E-01  2.82222087E-03  9.78441465E-05
1.93035474E-01  2.90089618E-03  7.99944697E-05
1.93344925E-01  2.59414719E-03  9.75419334E-05
1.93654375E-01  2.62986348E-03  7.95968039E-05
1.93963826E-01  2.72591303E-03  9.76407866E-05
1.94273277E-01  2.74350832E-03  7.96181565E-05
1.94582728E-01  2.62296399E-03  9.73214236E-05
1.94892179E-01  2.65723391E-03  7.99746648E-05
1.95201630E-01  2.51230194E-03  9.72994781E-05
1.95511081E-01  2.62092229E-03  7.93024493E-05
1.95820532E-01  2.66983252E-03  9.75754177E-05
1.96129983E-01  2.52735702E-03  7.90445981E-05
1.96439434E-01  2.76687708E-03  9.68347609E-05
1.96748884E-01  2.42674180E-03  7.89966137E-05
1.97058335E-01  2.51235792E-03  9.67505837E-05
1.97367786E-01  2.60180672E-03  7.88637453E-05
1.97677237E-01  2.39444430E-03  9.62135019E-05
1.97986688E-01  2.58560078E-03  7.83477072E-05
1.98296139E-01  2.60194870E-03  9.59881559E-05
1.98605590E-01  2.48327031E-03  7.85351746E-05
1.98915041E-01  2.47548442E-03  9.61401181E-05
1.99224492E-01  2.45986927E-03  7.82883900E-05
1.99533943E-01  2.48537523E-03  9.64836657E-05
1.99843394E-01  2.31474062E-03  7.85123844E-05
2.00152844E-01  2.37896380E-03  9.61420543E-05
2.00462295E-01  2.44441949E-03  7.80288986E-05
2.00771746E-01  2.33830797E-03  9.55899772E-05
2.01081197E-01  2.25170514E-03  7.77418573E-05
2.01390648E-01  2.45118167E-03  9.56014874E-05
2.01700099E-01  2.47513648E-03  7.84615797E-05
2.02009550E-01  2.31459884E-03  9.49483381E-05
2.02319001E-01  2.23398872E-03  7.76515256E-05
2.02690342E-01  2.45381380E-03  7.79957115E-05
2.02999793E-01  2.27221236E-03  9.53494484E-05
2.03309244E-01  2.21542871E-03  7.77328463E-05
2.03618695E-01  2.29911272E-03  9.49076945E-05
2.03928145E-01  2.21388829E-03  7.75796357E-05
2.04237596E-01  2.28642075E-03  9.49079435E-05
2.04547047E-01  2.23653300E-03  7.76691359E-05
2.04918388E-01  2.43120836E-03  7.76255728E-05
2.05227839E-01  2.25644242E-03  9.50241583E-05
2.05537290E-01  2.15401338E-03  7.73336965E-05
2.05846741E-01  2.23129862E-03  9.44967005E-05
2.06156192E-01  2.19585927E-03  7.73808359E-05
2.06527533E-01  2.17496792E-03  7.73762231E-05
2.06836984E-01  2.21321689E-03  9.41172145E-05
2.07146435E-01  2.17980597E-03  7.77567282E-05
2.07455886E-01  2.05535896E-03  9.41831679E-05
2.07765337E-01  2.11857308E-03  7.68376659E-05
2.08136678E-01  2.08111354E-03  7.66481187E-05
2.08446129E-01  2.20965734E-03  9.44049014E-05
2.08755580E-01  2.00481737E-03  7.68899792E-05
2.09126921E-01  2.02557771E-03  7.67410443E-05
2.09436372E-01  1.97142406E-03  9.36424191E-05
2.09745822E-01  1.94362355E-03  7.69178199E-05
2.10117164E-01  2.07857475E-03  7.71128222E-05
2.10426614E-01  2.12593352E-03  9.39621952E-05
2.10736065E-01  2.07586298E-03  7.67032053E-05
2.11107406E-01  1.95148167E-03  7.65756453E-05
2.11416857E-01  2.01326154E-03  9.39462627E-05
2.11726308E-01  1.90597307E-03  7.64052713E-05
2.12097649E-01  2.01535068E-03  7.60583652E-05
2.12407100E-01  1.85152014E-03  9.26633878E-05
2.12716551E-01  1.98399689E-03  7.64602431E-05
2.13087892E-01  1.93782288E-03  7.63067304E-05
2.13397343E-01  1.91737933E-03  9.35663997E-05
2.13706794E-01  1.93685418E-03  7.60957998E-05
2.14078135E-01  1.98387053E-03  7.56495090E-05
2.14449476E-01  1.94055406E-03  7.63488275E-05
2.14758927E-01  1.99578419E-03  9.31575447E-05
2.15068378E-01  1.96955804E-03  7.58004467E-05
2.15439719E-01  1.94386858E-03  7.60216307E-05
2.15749170E-01  1.85078398E-03  9.37638159E-05
2.16058621E-01  1.83296653E-03  7.61123480E-05
2.16429962E-01  1.76126821E-03  7.58585629E-05
2.16801303E-01  1.90402369E-03  7.57473652E-05
2.17110754E-01  1.84469245E-03  9.27772286E-05
2.17420205E-01  1.81484809E-03  7.52530324E-05
2.17791546E-01  1.82183485E-03  7.62335990E-05
2.18162887E-01  1.81195373E-03  7.56936398E-05
2.18472338E-01  1.94684247E-03  9.29831038E-05
2.18781789E-01  1.63197266E-03  7.55559574E-05
2.19153130E-01  1.58504732E-03  7.46121670E-05
2.19524471E-01  1.78592531E-03  7.55440801E-05
2.19833922E-01  1.68996235E-03  9.20344382E-05
2.20143373E-01  1.67812316E-03  7.49547974E-05
2.20514714E-01  1.74320291E-03  7.53837941E-05
2.20886055E-01  1.71735920E-03  7.49719528E-05
2.21257396E-01  1.55651297E-03  7.54247702E-05
2.21566847E-01  1.77603223E-03  9.09117279E-05
2.21876298E-01  1.59243458E-03  7.50686229E-05
2.22247639E-01  1.61331667E-03  7.47105122E-05
2.22618980E-01  1.54329738E-03  7.48014019E-05
2.22990321E-01  1.56694011E-03  7.52642389E-05
2.23361662E-01  1.59391162E-03  7.45722290E-05
2.23671113E-01  1.48406842E-03  9.15029223E-05
2.23980564E-01  1.60054785E-03  7.52154083E-05
2.24351905E-01  1.62597015E-03  7.44669585E-05
2.24723246E-01  1.50198376E-03  7.46332481E-05
2.25094587E-01  1.58204339E-03  7.46395076E-05
2.25465928E-01  1.55961453E-03  7.46380793E-05
2.25775379E-01  1.34975230E-03  9.11011699E-05
2.26084830E-01  1.66615326E-03  7.43736616E-05
2.26456171E-01  1.57102493E-03  7.43046743E-05
2.26827512E-01  1.44342228E-03  7.43854098E-05
2.27198853E-01  1.49302467E-03  7.42354699E-05
2.27570194E-01  1.57083615E-03  7.39595980E-05
2.27941536E-01  1.71171575E-03  7.44043818E-05
2.28312877E-01  1.61959019E-03  7.45707561E-05
2.28622328E-01  1.51104663E-03  9.09925778E-05
2.28931778E-01  1.38970569E-03  7.37143634E-05
2.29303120E-01  1.39161325E-03  7.40550320E-05
2.29674461E-01  1.47706714E-03  7.44287167E-05
2.30045802E-01  1.47189513E-03  7.41931924E-05
2.30417143E-01  1.37237189E-03  7.40352023E-05
2.30788484E-01  1.54281756E-03  7.45616252E-05
2.31159825E-01  1.49081541E-03  7.36188925E-05
2.31531166E-01  1.38494907E-03  7.36213689E-05
2.31902507E-01  1.32072963E-03  7.33216674E-05
2.32273848E-01  1.46650132E-03  7.40357881E-05
2.32645189E-01  1.40620445E-03  7.36505196E-05
2.32954640E-01  1.33313179E-03  8.92081335E-05
2.33264091E-01  1.36014101E-03  7.34004130E-05
2.33635432E-01  1.32177626E-03  7.32406679E-05
2.34006773E-01  1.38991749E-03  7.42663616E-05
2.34378114E-01  1.25180509E-03  7.55254624E-05
2.34749455E-01  1.34787082E-03  7.57836004E-05
2.35120797E-01  1.31313453E-03  7.69545367E-05
2.35492138E-01  1.31440991E-03  7.73341237E-05
2.35863479E-01  1.37255043E-03  7.70805166E-05
2.36234820E-01  1.27484415E-03  7.89443749E-05
2.36606161E-01  1.28363256E-03  7.85017376E-05
2.36977502E-01  1.31014407E-03  7.83752809E-05
2.37348843E-01  1.19230118E-03  7.94219093E-05
2.37720184E-01  1.22717295E-03  7.87555266E-05
2.38091525E-01  1.21012099E-03  7.95228426E-05
2.38462866E-01  1.21865524E-03  7.92836993E-05
2.38834207E-01  1.15509343E-03  7.97274808E-05
2.39205548E-01  1.33437538E-03  7.86351150E-05
2.39576890E-01  1.12628905E-03  7.73231319E-05
2.39948231E-01  1.30695177E-03  7.64495167E-05
2.40319572E-01  1.16039843E-03  7.70133097E-05
2.40690913E-01  1.28187383E-03  7.62644294E-05
2.41062254E-01  1.26058378E-03  7.55938212E-05
2.41433595E-01  1.22398844E-03  7.58149153E-05
2.41866826E-01  1.11543249E-03  6.53024808E-05
2.42300057E-01  1.11812078E-03  7.66273511E-05
2.42671399E-01  1.03269872E-03  7.50358503E-05
2.43042740E-01  1.19067850E-03  7.49195131E-05
2.43414081E-01  1.29558080E-03  7.53446010E-05
2.43785422E-01  1.15538275E-03  7.54090530E-05
2.44156763E-01  1.12077901E-03  7.46271343E-05
2.44528104E-01  1.08294684E-03  7.48130673E-05
2.44899445E-01  1.19422910E-03  7.45976619E-05
2.45270786E-01  1.05485885E-03  7.46545856E-05
2.45642127E-01  1.15140462E-03  7.50338239E-05
2.46075359E-01  1.06697238E-03  6.41262075E-05
2.46508590E-01  1.07556755E-03  7.46095766E-05
2.46879931E-01  1.07658250E-03  7.34716410E-05
2.47251272E-01  1.13791687E-03  7.35475474E-05
2.47622613E-01  1.01204087E-03  7.36668930E-05
2.47993954E-01  9.15906413E-04  7.35401839E-05
2.48365295E-01  1.19386118E-03  7.40519106E-05
2.48736636E-01  1.11349495E-03  7.37228538E-05
2.49169868E-01  1.19284936E-03  6.35645143E-05
2.49603099E-01  1.02411736E-03  7.35833305E-05
2.49974440E-01  1.02093468E-03  7.33267013E-05
2.50345781E-01  1.06075667E-03  7.34355420E-05
2.50717122E-01  8.85358700E-04  7.34779592E-05
2.51088463E-01  1.00984431E-03  7.30991179E-05
2.51521694E-01  1.02728712E-03  6.31024549E-05
2.51954926E-01  1.06323110E-03  7.21536103E-05
2.52326267E-01  9.89230693E-04  7.21834744E-05
2.52697608E-01  9.23932672E-04  7.15301029E-05
2.53068949E-01  9.38328145E-04  7.20212720E-05
2.53502180E-01  9.84860587E-04  6.23236546E-05
2.53935411E-01  1.05029698E-03  7.21210487E-05
2.54306753E-01  9.56617870E-04  7.12929952E-05
2.54678094E-01  1.02040616E-03  7.16105109E-05
2.55049435E-01  9.45058659E-04  7.26383706E-05
2.55482666E-01  9.35804974E-04  6.19762740E-05
2.55915897E-01  9.29870764E-04  7.20836957E-05
2.56287238E-01  9.31777628E-04  7.14180071E-05
2.56658579E-01  9.52681949E-04  7.12513623E-05
2.57091811E-01  9.42859876E-04  6.18564993E-05
2.57525042E-01  1.00354382E-03  7.14688274E-05
2.57896383E-01  7.96530117E-04  7.27038562E-05
2.58267724E-01  8.56024240E-04  7.05705485E-05
2.58700955E-01  9.26713192E-04  6.14636014E-05
2.59134187E-01  9.48952587E-04  7.14620498E-05
2.59505528E-01  8.21431983E-04  7.02942015E-05
2.59938759E-01  9.01787272E-04  6.14991400E-05
2.60371990E-01  7.95435950E-04  7.18534741E-05
2.60743331E-01  7.43798914E-04  7.12826448E-05
2.61114672E-01  8.84476731E-04  7.12308428E-05
2.61547904E-01  9.47329575E-04  6.13624135E-05
2.61981135E-01  7.02793368E-04  7.08209260E-05
2.62352476E-01  9.05071729E-04  7.11292564E-05
2.62785707E-01  7.77083613E-04  6.08656647E-05
2.63218939E-01  8.52708388E-04  7.10944143E-05
2.63590280E-01  8.98291089E-04  6.96948043E-05
2.64023511E-01  8.69422892E-04  6.15839662E-05
2.64456742E-01  7.01003953E-04  6.98116407E-05
2.64828083E-01  7.84429409E-04  7.06939418E-05
2.65261315E-01  7.36266841E-04  6.11051986E-05
2.65694546E-01  7.90935299E-04  7.02821597E-05
2.66065887E-01  7.52906519E-04  6.92125748E-05
2.66499118E-01  9.12299449E-04  6.08491951E-05
2.66932349E-01  8.03479505E-04  6.91552891E-05
2.67365581E-01  8.11922706E-04  6.08111941E-05
2.67798812E-01  8.04349127E-04  6.98121862E-05
2.68170153E-01  7.28911643E-04  7.06377003E-05
2.68603384E-01  7.71467118E-04  6.08823391E-05
2.69036616E-01  8.67409835E-04  7.00463602E-05
2.69469847E-01  8.02428911E-04  6.03593951E-05
2.69903078E-01  6.52372528E-04  6.91121904E-05
2.70274419E-01  7.27401862E-04  6.87414291E-05
2.70707650E-01  7.20014930E-04  6.02158479E-05
2.71140882E-01  7.86661944E-04  7.02014055E-05
2.71574113E-01  7.87370740E-04  6.04751346E-05
2.72007344E-01  6.89982038E-04  6.86839915E-05
2.72440575E-01  7.19776532E-04  5.99469568E-05
2.72873807E-01  6.58377254E-04  6.90973696E-05
2.73245148E-01  7.95459401E-04  6.97752622E-05
2.73678379E-01  7.49082657E-04  6.02413338E-05
2.74111610E-01  6.95339448E-04  6.88794003E-05
2.74544842E-01  7.59687078E-04  5.94527055E-05
2.74978073E-01  7.26398564E-04  6.97613870E-05
2.75411304E-01  6.90858116E-04  5.99355798E-05
2.75844535E-01  6.27472037E-04  6.97527445E-05
2.76277767E-01  7.63126999E-04  5.98388017E-05
2.76710998E-01  8.25257677E-04  6.91913540E-05
2.77144229E-01  6.11916835E-04  5.90227390E-05
2.77577460E-01  6.71562902E-04  6.88942318E-05
2.78010692E-01  5.96883097E-04  5.97308493E-05
2.78443923E-01  6.38560172E-04  6.83609742E-05
2.78877154E-01  7.12102877E-04  5.97882112E-05
2.79310386E-01  6.31679820E-04  6.89002352E-05
2.79743617E-01  7.07377648E-04  5.95282917E-05
2.80176848E-01  7.51756274E-04  6.93124196E-05
2.80610079E-01  7.49934937E-04  5.99575847E-05
2.81105201E-01  6.86237530E-04  5.97184244E-05
2.81538432E-01  6.59115589E-04  6.92646139E-05
2.81971663E-01  5.64281342E-04  5.67111514E-05
2.82404895E-01  6.56830701E-04  6.80740846E-05
2.82838126E-01  5.74332813E-04  5.83790514E-05
2.83271357E-01  5.56680067E-04  6.86268956E-05
2.83704588E-01  5.61561312E-04  5.92731100E-05
2.84199710E-01  6.79125574E-04  5.88698599E-05
2.84632941E-01  7.00562328E-04  6.80184239E-05
2.85066172E-01  5.23567127E-04  5.80478750E-05
2.85499404E-01  6.18370026E-04  6.76365094E-05
2.85932635E-01  6.27574512E-04  5.91556774E-05
2.86427756E-01  6.07514538E-04  5.88726684E-05
2.86860988E-01  6.09671912E-04  6.67283499E-05
2.87294219E-01  6.25189261E-04  5.88925496E-05
2.87789340E-01  6.40988098E-04  5.86830578E-05
2.88222572E-01  6.58094909E-04  6.85709680E-05
2.88655803E-01  6.78546745E-04  5.83557075E-05
2.89150924E-01  6.59345060E-04  5.92255373E-05
2.89584156E-01  5.57645134E-04  6.77338476E-05
2.90017387E-01  5.72632043E-04  5.84409350E-05
2.90512508E-01  5.24321085E-04  5.79848755E-05
2.90945740E-01  6.42876283E-04  6.85319159E-05
2.91378971E-01  6.06681149E-04  5.86531194E-05
2.91874092E-01  5.71344103E-04  5.89426955E-05
2.92307323E-01  7.01652026E-04  6.75886064E-05
2.92740555E-01  4.94350751E-04  5.89124657E-05
2.93235676E-01  6.03530576E-04  5.87569972E-05
2.93668907E-01  5.65386665E-04  6.70138492E-05
2.94102139E-01  5.16236417E-04  5.99107170E-05
2.94597260E-01  5.31410650E-04  5.85181611E-05
2.95092382E-01  6.25191856E-04  5.87663880E-05
2.95525613E-01  6.39760715E-04  6.68760065E-05
2.95958844E-01  5.60955560E-04  5.82026830E-05
2.96453966E-01  6.14419714E-04  5.79925011E-05
2.96949087E-01  6.17394438E-04  5.94011195E-05
2.97382318E-01  5.10397925E-04  6.70429831E-05
2.97815550E-01  5.78025916E-04  6.01483411E-05
2.98310671E-01  6.50276524E-04  6.07337904E-05
2.98805792E-01  5.30434718E-04  5.98343951E-05
2.99239024E-01  4.48750320E-04  6.99617416E-05
2.99672255E-01  5.02446817E-04  6.16141808E-05
3.00167376E-01  4.96557391E-04  6.29593436E-05
3.00662498E-01  4.59622507E-04  6.21289993E-05
3.01157619E-01  5.29675083E-04  6.29914964E-05
3.01590851E-01  5.65200021E-04  7.25853855E-05
3.02024082E-01  5.58262180E-04  6.65967447E-05
3.02519203E-01  3.55688480E-04  6.58906169E-05
3.03014325E-01  5.24943805E-04  6.65149852E-05
3.03509446E-01  6.28089167E-04  6.79441750E-05
3.04004568E-01  5.55058964E-04  7.10351563E-05
3.04437799E-01  5.40559574E-04  8.09393842E-05
3.04871030E-01  4.47911346E-04  7.38480133E-05
3.05366152E-01  5.06790108E-04  7.52253041E-05
3.05861273E-01  4.59138367E-04  7.59131304E-05
3.06356395E-01  6.57539239E-04  7.46270670E-05
3.06851516E-01  5.27917579E-04  7.63326142E-05
3.07346637E-01  6.47616033E-04  7.79840831E-05
3.07841759E-01  4.70507348E-04  7.75912957E-05
3.08274990E-01  6.64683043E-04  1.32225953E-04
3.08708221E-01  6.34748758E-04  7.97846536E-05
3.09203343E-01  4.51569508E-04  8.05109255E-05
3.09698464E-01  4.47334712E-04  8.09208715E-05
3.10193586E-01  6.58824427E-04  8.40790000E-05
3.10688707E-01  3.96661386E-04  7.57398797E-05
3.11183829E-01  4.54842229E-04  8.93431380E-05
3.11678950E-01  5.44603710E-04  8.48957771E-05
3.12174071E-01  4.74672100E-04  8.70240795E-05
3.12669193E-01  6.72146244E-04  8.46756735E-05
3.13164314E-01  4.52948188E-04  8.13984115E-05
3.13659436E-01  3.81732376E-04  8.56652283E-05
3.14154557E-01  4.30050503E-04  8.57042974E-05
3.14649679E-01  3.47420134E-04  8.79680605E-05
3.15144800E-01  5.05414297E-04  8.92028247E-05
3.15639922E-01  4.76691028E-04  8.90517210E-05
3.16135043E-01  5.59062162E-04  8.85571396E-05
3.16630165E-01  4.37888438E-04  8.89115901E-05
3.17125286E-01  3.86005995E-04  8.56390454E-05
3.17620407E-01  3.43815252E-04  8.73381660E-05
3.18115529E-01  4.70028286E-04  8.67582946E-05
3.18610650E-01  4.55572412E-04  9.08210009E-05
3.19105772E-01  4.87764587E-04  8.98898844E-05
3.19600893E-01  4.35774297E-04  9.45035362E-05
3.20096015E-01  5.06363082E-04  9.05818945E-05
3.20591136E-01  5.57870960E-04  9.11912042E-05
3.21086258E-01  3.54944268E-04  9.09576825E-05
3.21581379E-01  6.11479162E-04  9.24009109E-05
3.22076500E-01  4.24921235E-04  9.32766144E-05
3.22571622E-01  3.24820205E-04  9.23486494E-05
3.23066743E-01  5.76202242E-04  9.25040059E-05
3.23561865E-01  2.89792919E-04  9.24341008E-05
3.24056986E-01  5.68974778E-04  9.24410958E-05
3.24613998E-01  4.08528528E-04  8.38039117E-05
3.25171009E-01  3.81385719E-04  9.70563981E-05
3.25666131E-01  5.02940693E-04  9.51510193E-05
3.26161252E-01  6.57141667E-04  9.98865378E-05
3.26656374E-01  3.83487365E-04  9.50803520E-05
3.27151495E-01  3.60607477E-04  1.00753030E-04
3.27646617E-01  6.47329692E-04  9.62680985E-05
3.28141738E-01  3.78036892E-04  9.67509012E-05
3.28698750E-01  5.46989983E-04  8.83431737E-05
3.29255761E-01  5.19388239E-04  9.78361135E-05
3.29750883E-01  4.07541201E-04  9.68652030E-05
3.30246004E-01  3.51561244E-04  9.90364430E-05
3.30741126E-01  5.58946835E-04  1.00593146E-04
3.31236247E-01  4.11360968E-04  8.99001693E-05
3.31793259E-01  3.69562239E-04  1.63416016E-04
3.32350270E-01  5.86199918E-04  1.01198833E-04
3.32845392E-01  2.30288375E-04  1.00701409E-04
3.33340513E-01  4.46629866E-04  1.01512660E-04
3.33897525E-01  3.67393510E-04  9.07803527E-05
3.34454537E-01  5.47900149E-04  1.02280925E-04
3.34949658E-01  4.88192640E-04  1.04567549E-04
3.35444779E-01  4.27022793E-04  1.00421047E-04
3.35939901E-01  4.62006562E-04  1.07501784E-04
3.36496913E-01  4.98490755E-04  9.28996961E-05
3.37053924E-01  4.63474818E-04  1.04434031E-04
3.37549046E-01  4.18292834E-04  1.10156285E-04
3.38106057E-01  1.92259478E-04  9.50206086E-05
3.38663069E-01  3.47977058E-04  1.07968924E-04
3.39158190E-01  3.42593125E-04  1.09156117E-04
3.39653312E-01  4.91744351E-04  1.09631022E-04
3.40210323E-01  4.51196508E-04  9.57638370E-05
3.40767335E-01  2.49910450E-04  1.08501138E-04
3.41262456E-01  5.39684255E-04  1.08446077E-04
3.41819468E-01  3.39978963E-04  9.75833431E-05
3.42376480E-01  4.39670924E-04  1.13982114E-04
3.42871601E-01  5.05714084E-04  1.09596403E-04
3.43428613E-01  3.44215468E-04  4.65700386E-03
3.43985624E-01  5.66489443E-04  1.03756141E-04
3.44480746E-01  3.31310080E-04  1.09890177E-04
3.45037757E-01  4.05759722E-04  9.84731840E-05
3.45594769E-01  3.63227374E-04  1.28526122E-04
3.46089891E-01  3.28824477E-04  1.11321347E-04
3.46646902E-01  3.95592295E-04  9.69299901E-05
3.47203914E-01  5.26380851E-04  1.07552607E-04
3.47760925E-01  3.86829830E-04  9.87109968E-05
3.48317937E-01  4.15652049E-04  1.14600783E-04
3.48813058E-01  5.40324421E-04  1.10083569E-04
3.49370070E-01  4.50625075E-04  1.02569640E-04
3.49927082E-01  3.58972336E-04  1.14463056E-04
3.50484093E-01  4.87565934E-04  1.02663637E-04
3.51041105E-01  5.31532308E-04  1.14815789E-04
3.51598117E-01  5.06350822E-04  1.08193909E-04
3.52155128E-01  4.72950909E-04  1.18212986E-04
3.52712140E-01  4.88128006E-04  1.04680082E-04
3.53269151E-01  2.68565219E-04  1.13955618E-04
3.53764273E-01  3.71807326E-04  1.21923701E-04
3.54321285E-01  5.13106919E-04  1.05465470E-04
3.54878296E-01  5.59326976E-04  1.21887623E-04
3.55435308E-01  4.23538396E-04  1.07325915E-04
3.55992319E-01  4.38650674E-04  1.20437835E-04
3.56549331E-01  4.81079510E-04  1.06434838E-04
3.57106343E-01  4.14038342E-04  1.23249544E-04
3.57663354E-01  2.40251831E-04  1.06781628E-04
3.58220366E-01  5.22188874E-04  1.25190677E-04
3.58777378E-01  4.69483554E-04  1.12389528E-04
3.59396279E-01  5.45525128E-04  1.15098281E-04
3.59953291E-01  3.42485438E-04  1.28378459E-04
3.60510303E-01  7.00311990E-04  1.13778302E-04
3.61067314E-01  3.92408276E-04  1.22574352E-04
3.61624326E-01  5.96851305E-04  1.15411541E-04
3.62181338E-01  4.36120082E-04  1.29640208E-04
3.62738349E-01  2.21170042E-04  1.14846412E-04
3.63357251E-01  3.62966675E-04  1.21766549E-04
3.63914263E-01  5.30039473E-04  1.34524128E-04
3.64471274E-01  3.99605767E-04  1.15700873E-04
3.65028286E-01  4.73104562E-04  1.31927834E-04
3.65585297E-01  2.94229747E-04  1.31327688E-04
3.66204199E-01  2.87144386E-04  1.20614945E-04
3.66761211E-01  3.85708226E-04  1.36095354E-04
3.67318223E-01  3.26549166E-04  1.23084089E-04
3.67937124E-01  5.91725673E-04  1.23400582E-04
3.68494136E-01  4.22058940E-04  1.27943569E-04
3.69051148E-01  3.40262499E-04  1.20325074E-04
3.69670049E-01  5.23176599E-04  1.28564264E-04
3.70227061E-01  3.63345278E-04  1.54085090E-04
3.70784073E-01  5.74411800E-04  1.23166585E-04
3.71402974E-01  4.34730622E-04  1.21657701E-04
3.71959986E-01  5.00352979E-04  1.42042646E-04
3.72516998E-01  4.65004593E-04  1.30273028E-04
3.73135899E-01  4.10586922E-04  1.29202311E-04
3.73754801E-01  3.07650028E-04  1.25669546E-04
3.74311813E-01  4.30653570E-04  1.45319193E-04
3.74868825E-01  6.26025918E-04  1.24079412E-04
3.75487726E-01  4.52151441E-04  1.28390301E-04
3.76044738E-01  1.79395205E-04  2.65459297E-04
3.76601750E-01  6.33173900E-04  1.39521360E-04
3.77220651E-01  3.16374824E-04  1.36884349E-04
3.77839553E-01  4.77979520E-04  1.36930523E-04
3.78458455E-01  1.79378634E-04  1.28807889E-04
3.79015467E-01  5.15009546E-04  1.57214734E-04
3.79572478E-01  4.51721859E-04  1.30114830E-04
3.80191380E-01  3.66974315E-04  1.32044656E-04
3.80810282E-01  4.35207387E-04  1.34772940E-04
3.81429184E-01  4.00762522E-04  1.37899412E-04
3.81986195E-01  3.67129915E-04  1.56314982E-04
3.82543207E-01  5.84128059E-04  1.41642210E-04
3.83162109E-01  3.38341532E-04  1.42856129E-04
3.83781011E-01  1.09647206E-04  1.47869362E-04
3.84399912E-01  4.44803755E-04  1.36549557E-04
3.85018814E-01  3.56685618E-04  1.42155127E-04
3.85637716E-01  6.70014811E-04  1.44993301E-04
3.86194728E-01  4.02813655E-04  1.68885228E-04
3.86751739E-01  3.17019617E-04  1.80054554E-04
3.87370641E-01  6.24564211E-04  1.40307816E-04
3.87989543E-01  3.29636213E-04  1.77924088E-04
3.88608445E-01  3.52886929E-04  1.52985191E-04
3.89227346E-01  2.35847769E-04  1.52884216E-04
3.89846248E-01  6.03087277E-04  1.58255010E-04
3.90465150E-01  6.76154009E-04  1.64095885E-04
3.91084052E-01  5.36995022E-04  1.93821643E-04
3.91702954E-01  2.27945033E-04  1.60465931E-04
3.92321856E-01  5.71210419E-04  1.61659334E-04
3.92940757E-01  1.58537826E-04  1.66952933E-04
3.93559659E-01  2.47766818E-04  1.84298548E-04
3.94178561E-01  1.98989764E-04  1.80903818E-04
3.94797463E-01  6.67246702E-04  1.69063708E-04
3.95416365E-01  8.10013461E-05  1.70974628E-04
3.96035266E-01  8.22963017E-04  1.72057294E-04
3.96654168E-01  1.87040080E-04  2.21875990E-04
3.97273070E-01  4.89378823E-04  1.76824908E-04
3.97891972E-01  4.50687012E-04  1.82752983E-04
3.98510874E-01  3.62940883E-04  1.90103440E-04
3.99129775E-01  5.48405369E-04  1.84322858E-04
3.99748677E-01  4.04904201E-04  1.86047431E-04
4.00367579E-01  5.24494891E-04  1.88464890E-04
4.00986481E-01  7.17816709E-04  1.95016559E-04
4.01605383E-01  3.48438425E-04  1.89228578E-04
4.02224284E-01  3.14557665E-04  1.97833327E-04
4.02843186E-01  1.02735728E-04  2.11535653E-04
4.03462088E-01  2.00833069E-04  2.00828323E-04
4.04080990E-01  4.66228297E-04  2.07030792E-04
4.04761782E-01  3.67661898E-04  1.91469351E-04
4.05442574E-01  3.44109287E-04  2.15629208E-04
4.06061476E-01  5.60478472E-04  2.21518145E-04
4.06680377E-01  2.71586342E-04  2.22292844E-04
4.07299279E-01  9.61422558E-05  4.06766445E-04
4.07918181E-01  3.01907267E-04  2.41432214E-04
4.08537083E-01  -1.14610251E-04  2.33301369E-04
4.09217875E-01  2.89889369E-04  2.27099320E-04
4.09898667E-01  3.19509875E-04  2.43996249E-04
4.10517569E-01  4.16558512E-04  2.54894645E-04
4.11136470E-01  9.15811197E-05  2.62923008E-04
4.11755372E-01  7.06143277E-04  2.76767678E-04
4.12436164E-01  3.94036577E-04  2.58124600E-04
4.13116956E-01  4.38963696E-04  2.95000467E-04
4.13735858E-01  3.73936642E-04  2.92307179E-04
4.14354760E-01  6.28802332E-04  3.55548827E-04
4.15035552E-01  5.46324074E-04  2.80434872E-04
4.15716344E-01  4.20622668E-04  3.33487980E-04