 8.863436e-002  2.038315e-001  9.222836e-003
 9.439060e-002  2.031222e-001  6.725237e-003
 1.001468e-001  1.931498e-001  5.711151e-003
 1.059031e-001  1.981770e-001  5.211524e-003
 1.116593e-001  1.957975e-001  4.825922e-003
 1.174156e-001  1.965382e-001  4.419830e-003
 1.231718e-001  1.892391e-001  4.130122e-003
 1.289280e-001  1.857374e-001  4.112573e-003
 1.346843e-001  1.870633e-001  3.818517e-003
 1.404405e-001  1.858047e-001  3.560052e-003
 1.461968e-001  1.840444e-001  3.521116e-003
 1.519530e-001  1.875915e-001  3.445658e-003
 1.577093e-001  1.900704e-001  3.236257e-003
 1.634655e-001  1.863350e-001  3.265236e-003
 1.692217e-001  1.858388e-001  3.150200e-003
 1.749780e-001  1.847266e-001  2.963957e-003
 1.807342e-001  1.858019e-001  2.883752e-003
 1.864905e-001  1.799422e-001  2.884720e-003
 1.922467e-001  1.868013e-001  2.836784e-003
 1.980029e-001  1.816574e-001  2.701377e-003
 2.037592e-001  1.760796e-001  2.686289e-003
 2.095154e-001  1.772387e-001  2.616163e-003
 2.152717e-001  1.787032e-001  2.486273e-003
 2.210279e-001  1.819843e-001  2.554139e-003
 2.267841e-001  1.777322e-001  2.500373e-003
 2.325404e-001  1.780045e-001  2.413156e-003
 2.382966e-001  1.747529e-001  2.357674e-003
 2.440529e-001  1.763632e-001  2.378046e-003
 2.498091e-001  1.753952e-001  2.300912e-003
 2.555653e-001  1.758773e-001  2.241795e-003
 2.613216e-001  1.719985e-001  2.242031e-003
 2.670778e-001  1.713760e-001  2.239952e-003
 2.728341e-001  1.709960e-001  2.153453e-003
 2.785903e-001  1.660570e-001  2.125327e-003
 2.843465e-001  1.645327e-001  2.092763e-003
 2.901028e-001  1.638595e-001  2.038239e-003
 2.958590e-001  1.634846e-001  2.010254e-003
 3.016153e-001  1.642012e-001  2.038281e-003
 3.073715e-001  1.623020e-001  1.990362e-003
 3.131278e-001  1.664674e-001  1.951395e-003
 3.188840e-001  1.621835e-001  1.930327e-003
 3.246402e-001  1.581312e-001  1.910418e-003
 3.303965e-001  1.591048e-001  1.881594e-003
 3.361527e-001  1.573682e-001  1.872553e-003
 3.419090e-001  1.589360e-001  1.867587e-003
 3.476652e-001  1.541258e-001  1.795866e-003
 3.534214e-001  1.508721e-001  1.754245e-003
 3.591777e-001  1.527164e-001  1.769309e-003
 3.649339e-001  1.503846e-001  1.753513e-003
 3.706902e-001  1.465616e-001  1.691747e-003
 3.764464e-001  1.527338e-001  1.735277e-003
 3.822026e-001  1.481140e-001  1.702470e-003
 3.879589e-001  1.418831e-001  1.642754e-003
 3.937151e-001  1.434838e-001  1.630221e-003
 3.994714e-001  1.433366e-001  1.641993e-003
 4.052276e-001  1.429593e-001  1.621600e-003
 4.109838e-001  1.415431e-001  1.576270e-003
 4.167401e-001  1.418176e-001  1.587262e-003
 4.224963e-001  1.392487e-001  1.561098e-003
 4.282526e-001  1.347189e-001  1.509638e-003
 4.340088e-001  1.369314e-001  1.528627e-003
 4.397651e-001  1.342992e-001  1.531999e-003
 4.455213e-001  1.314918e-001  1.489890e-003
 4.512775e-001  1.332715e-001  1.471073e-003
 4.570338e-001  1.297099e-001  1.459789e-003
 4.627900e-001  1.313674e-001  1.457202e-003
 4.685463e-001  1.265230e-001  1.403221e-003
 4.743025e-001  1.270375e-001  1.415506e-003
 4.800587e-001  1.255208e-001  1.414125e-003
 4.858150e-001  1.230776e-001  1.368807e-003
 4.915712e-001  1.218576e-001  1.360069e-003
 4.973275e-001  1.217218e-001  1.365823e-003
 5.030837e-001  1.177532e-001  1.331336e-003
 5.088399e-001  1.162893e-001  1.308322e-003
 5.145962e-001  1.182220e-001  1.340007e-003
 5.203524e-001  1.153262e-001  1.301009e-003
 5.261087e-001  1.124506e-001  1.266256e-003
 5.318649e-001  1.152088e-001  1.278343e-003
 5.376211e-001  1.115301e-001  1.269253e-003
 5.433774e-001  1.114026e-001  1.249521e-003
 5.491336e-001  1.058452e-001  1.235251e-003
 5.548899e-001  1.061822e-001  1.234031e-003
 5.606461e-001  1.079026e-001  1.217604e-003
 5.664023e-001  1.045843e-001  1.192682e-003
 5.721586e-001  1.036575e-001  1.190716e-003
 5.779148e-001  1.020781e-001  1.187272e-003
 5.836711e-001  1.006087e-001  1.149491e-003
 5.894273e-001  9.907245e-002  1.147744e-003
 5.951836e-001  9.723116e-002  1.140466e-003
 6.009398e-001  9.681439e-002  1.120484e-003
 6.066960e-001  9.382087e-002  1.111572e-003
 6.124523e-001  9.425739e-002  1.119667e-003
 6.182085e-001  9.216649e-002  1.100306e-003
 6.239648e-001  9.048288e-002  1.080124e-003
 6.297210e-001  8.792763e-002  1.069065e-003
 6.354772e-001  8.847706e-002  1.071222e-003
 6.412335e-001  8.705716e-002  1.038638e-003
 6.469897e-001  8.547131e-002  1.037145e-003
 6.527460e-001  8.243820e-002  1.037431e-003
 6.585022e-001  8.179390e-002  1.022538e-003
 6.642584e-001  8.115590e-002  1.004081e-003
 6.700147e-001  7.885267e-002  1.004643e-003
 6.757709e-001  7.848932e-002  1.002153e-003
 6.815272e-001  7.541319e-002  9.673761e-004
 6.872834e-001  7.640410e-002  9.868639e-004
 6.930396e-001  7.485090e-002  9.741335e-004
 6.987959e-001  7.461485e-002  9.444843e-004
 7.045521e-001  7.298711e-002  9.428648e-004
 7.103084e-001  7.260147e-002  9.501095e-004
 7.160646e-001  6.984706e-002  9.219103e-004
 7.218209e-001  6.889985e-002  9.212092e-004
 7.275771e-001  6.853051e-002  9.250378e-004
 7.333333e-001  6.616042e-002  9.042229e-004
 7.390896e-001  6.389862e-002  8.773871e-004
 7.448458e-001  6.296957e-002  8.888158e-004
 7.506021e-001  6.278976e-002  8.803813e-004
 7.563583e-001  6.072608e-002  8.598741e-004
 7.621145e-001  5.896363e-002  8.614387e-004
 7.678708e-001  5.852042e-002  8.494138e-004
 7.736270e-001  5.806228e-002  8.432651e-004
 7.793833e-001  5.708602e-002  8.367977e-004
 7.851395e-001  5.595421e-002  8.325575e-004
 7.908957e-001  5.504769e-002  8.304515e-004
 7.966520e-001  5.234687e-002  8.001112e-004
 8.024082e-001  5.182709e-002  8.041805e-004
 8.081645e-001  5.140922e-002  7.957091e-004
 8.139207e-001  4.977580e-002  7.840539e-004
 8.196769e-001  5.155955e-002  7.892749e-004
 8.254332e-001  4.751968e-002  7.760478e-004
 8.311894e-001  4.787271e-002  7.722068e-004
 8.369457e-001  4.673851e-002  7.614712e-004
 8.427019e-001  4.632794e-002  7.609625e-004
 8.484581e-001  4.557245e-002  7.557944e-004
 8.542144e-001  4.331409e-002  7.354573e-004
 8.599706e-001  4.311637e-002  7.435662e-004
 8.657269e-001  4.094391e-002  7.329995e-004
 8.714831e-001  4.208468e-002  7.260150e-004
 8.772394e-001  4.022041e-002  7.120250e-004
 8.829956e-001  3.799536e-002  7.057853e-004
 8.887518e-001  3.911027e-002  7.119703e-004
 8.945081e-001  3.781376e-002  6.971864e-004
 9.002643e-001  3.511887e-002  6.914203e-004
 9.060206e-001  3.487748e-002  6.894688e-004
 9.117768e-001  3.522182e-002  6.708072e-004
 9.175330e-001  3.404157e-002  6.789261e-004
 9.232893e-001  3.311899e-002  6.726270e-004
 9.290455e-001  3.205454e-002  6.615675e-004
 9.348018e-001  2.914705e-002  6.497922e-004
 9.405580e-001  3.003962e-002  6.507142e-004
 9.463142e-001  3.117516e-002  6.551419e-004
 9.520705e-001  2.844377e-002  6.334765e-004
 9.578267e-001  2.746660e-002  6.303239e-004
 9.635830e-001  2.792075e-002  6.374963e-004
 9.693392e-001  2.649729e-002  6.213854e-004
 9.750954e-001  2.576212e-002  6.227902e-004
 9.808517e-001  2.479177e-002  6.159185e-004
 9.866079e-001  2.520414e-002  6.091505e-004
 9.923642e-001  2.370998e-002  6.021810e-004
 9.981204e-001  2.317753e-002  6.016454e-004
 1.003877e+000  2.290794e-002  6.037705e-004
 1.009633e+000  2.229103e-002  5.875591e-004
 1.015389e+000  2.183939e-002  5.874957e-004
 1.021145e+000  2.009252e-002  5.810151e-004
 1.026902e+000  2.006374e-002  5.711312e-004
 1.032658e+000  1.964648e-002  5.739773e-004
 1.038414e+000  1.924229e-002  5.747928e-004
 1.044170e+000  1.870097e-002  5.640441e-004
 1.049927e+000  1.755441e-002  5.568731e-004
 1.055683e+000  1.708749e-002  5.543298e-004
 1.061439e+000  1.742361e-002  5.570994e-004
 1.067195e+000  1.639617e-002  5.444674e-004
 1.072952e+000  1.465591e-002  5.440555e-004
 1.078708e+000  1.459150e-002  5.412680e-004
 1.084464e+000  1.428109e-002  5.331273e-004
 1.090220e+000  1.443137e-002  5.349098e-004
 1.095977e+000  1.333913e-002  5.382126e-004
 1.101733e+000  1.327490e-002  5.357698e-004
 1.107489e+000  1.258044e-002  5.377934e-004
 1.113245e+000  1.243366e-002  5.463906e-004
 1.119001e+000  1.168419e-002  5.487221e-004
 1.124758e+000  1.133185e-002  5.391412e-004
 1.130514e+000  1.187369e-002  5.428599e-004
 1.136270e+000  9.930200e-003  5.338199e-004
 1.142026e+000  9.433820e-003  5.284266e-004
 1.147783e+000  1.030622e-002  5.326512e-004
 1.153539e+000  9.736640e-003  5.328121e-004
 1.159295e+000  9.091220e-003  5.250618e-004
 1.165051e+000  8.936340e-003  5.244452e-004
 1.170808e+000  9.387500e-003  5.369167e-004
 1.176564e+000  8.476010e-003  5.380060e-004
 1.182320e+000  7.718470e-003  5.308184e-004
 1.188076e+000  9.120210e-003  5.340153e-004
 1.193833e+000  8.801350e-003  5.292069e-004
 1.199589e+000  6.479690e-003  5.185024e-004
 1.205345e+000  7.845130e-003  5.348110e-004
 1.211101e+000  5.699410e-003  5.296627e-004
 1.216858e+000  6.487960e-003  5.320360e-004
 1.222614e+000  6.796110e-003  5.328103e-004
 1.228370e+000  6.206790e-003  5.352036e-004
 1.234126e+000  5.951470e-003  5.348773e-004
 1.239883e+000  5.440830e-003  5.298914e-004
 1.245639e+000  4.928890e-003  5.343891e-004
 1.251395e+000  5.042930e-003  5.398923e-004
 1.257151e+000  4.404100e-003  5.287999e-004
 1.262907e+000  4.046680e-003  5.305153e-004
 1.268664e+000  4.374710e-003  5.370132e-004
 1.274420e+000  3.447690e-003  5.295817e-004
 1.280176e+000  3.565710e-003  5.315507e-004
 1.285932e+000  3.405460e-003  5.304977e-004
 1.291689e+000  4.124900e-003  5.351098e-004
 1.297445e+000  4.654640e-003  5.349241e-004
 1.303201e+000  3.871290e-003  5.329341e-004
 1.308957e+000  5.060680e-003  5.425230e-004
 1.314714e+000  3.134000e-003  5.315777e-004
 1.320470e+000  2.386300e-003  5.274557e-004
 1.326226e+000  3.626110e-003  5.373951e-004
 1.331982e+000  2.724160e-003  5.353464e-004
 1.337739e+000  2.252700e-003  5.242597e-004
 1.343495e+000  2.178900e-003  5.296982e-004
 1.349251e+000  1.828550e-003  5.360884e-004
 1.355007e+000  1.514950e-003  5.268334e-004
 1.360764e+000  1.085650e-003  5.179836e-004
 1.366520e+000  2.049310e-003  5.207962e-004
 1.372276e+000  2.186660e-003  5.173917e-004
 1.378032e+000  2.603830e-003  5.123748e-004
 1.383789e+000  2.117410e-003  5.150212e-004
 1.389545e+000  2.054380e-003  5.091873e-004
 1.395301e+000  2.278200e-003  5.066949e-004
 1.401057e+000  5.121200e-004  4.985775e-004
 1.406814e+000  7.966700e-004  5.003376e-004
 1.412570e+000  1.843180e-003  4.963995e-004
 1.418326e+000  1.890520e-003  4.986165e-004
 1.424082e+000  1.927870e-003  5.015473e-004
 1.429838e+000  1.551650e-003  4.955328e-004
 1.435595e+000  1.002630e-003  4.878128e-004
 1.441351e+000  1.870260e-003  4.964818e-004
 1.447107e+000  1.525850e-003  4.926720e-004
 1.452863e+000  1.524110e-003  4.893609e-004
 1.458620e+000  1.080410e-003  4.885104e-004
 1.464376e+000  1.594110e-003  4.917726e-004
 1.470132e+000  1.451360e-003  4.839483e-004
 1.475888e+000  1.382160e-003  4.847335e-004
 1.481645e+000  9.674600e-004  4.818137e-004
 1.487401e+000  1.142590e-003  4.823727e-004
 1.493157e+000  8.614700e-004  4.788037e-004
 1.498913e+000  1.388150e-003  4.833455e-004
 1.504670e+000  6.000700e-004  4.762018e-004
 1.510426e+000  1.427760e-003  4.778465e-004
 1.516182e+000  1.289600e-003  4.784998e-004
 1.521938e+000  1.450940e-003  4.797697e-004
 1.527695e+000  1.490830e-003  4.751175e-004
 1.533451e+000  1.213610e-003  4.750653e-004
 1.539207e+000  7.987100e-004  4.732932e-004
 1.544963e+000  8.046000e-004  4.730451e-004
 1.550720e+000  1.589530e-003  4.752077e-004
 1.556476e+000  1.221830e-003  4.713653e-004
 1.562232e+000  2.011280e-003  4.765008e-004
 1.567988e+000  1.207640e-003  4.673069e-004
 1.573744e+000  6.043600e-004  4.650415e-004
 1.579501e+000  1.807040e-003  4.704704e-004
 1.585257e+000  1.825800e-004  4.594725e-004
 1.591013e+000  7.255800e-004  4.618317e-004
 1.596769e+000  1.092310e-003  4.670630e-004
 1.602526e+000  8.516500e-004  4.609427e-004
 1.608282e+000  5.657600e-004  4.578353e-004
 1.614038e+000  1.617400e-003  4.656647e-004
 1.619794e+000  1.793370e-003  4.667323e-004
 1.625551e+000  1.369960e-003  4.590229e-004
 1.631307e+000  9.752800e-004  4.594152e-004
 1.637063e+000  1.002090e-003  4.586214e-004
 1.642819e+000  1.689760e-003  4.577841e-004
 1.648576e+000  1.252730e-003  4.524196e-004
 1.654332e+000  1.244910e-003  4.584057e-004
 1.660088e+000  1.343940e-003  4.546509e-004
 1.665844e+000  9.793800e-004  4.520659e-004
 1.671601e+000  5.177300e-004  4.522769e-004
 1.677357e+000  8.958400e-004  4.521064e-004
 1.683113e+000  1.129160e-003  4.516398e-004
 1.688869e+000  1.342970e-003  4.545523e-004
 1.694626e+000  1.318320e-003  4.508712e-004
 1.700382e+000  1.533820e-003  4.513502e-004
 1.706138e+000  1.648540e-003  4.487255e-004
 1.711894e+000  1.065240e-003  4.498001e-004
 1.717651e+000  1.486740e-003  4.490221e-004
 1.723407e+000  1.416730e-003  4.488139e-004
 1.729163e+000  1.741890e-003  4.522284e-004
 1.734919e+000  1.687210e-003  4.492754e-004
 1.740675e+000  9.921700e-004  4.442793e-004
 1.746432e+000  1.862890e-003  4.476438e-004
 1.752188e+000  2.202070e-003  4.481995e-004
 1.757944e+000  8.028700e-004  4.444423e-004
 1.763700e+000  2.181000e-003  4.452415e-004
 1.769457e+000 -1.064000e-005  4.360272e-004
 1.775213e+000  1.571540e-003  4.443949e-004
 1.780969e+000  1.164680e-003  4.421722e-004
 1.786725e+000  1.371090e-003  4.412233e-004
 1.792482e+000  8.070100e-004  4.436005e-004
 1.798238e+000  1.216170e-003  4.412549e-004
 1.803994e+000  1.449240e-003  4.406120e-004
 1.809750e+000  1.519950e-003  4.405079e-004
 1.815507e+000  1.612970e-003  4.411248e-004
 1.821263e+000  1.391690e-003  4.373596e-004
 1.827019e+000  1.441490e-003  4.416387e-004
 1.832775e+000  1.547220e-003  4.376347e-004
 1.838532e+000  1.989330e-003  4.394211e-004
 1.844288e+000  1.534640e-003  4.388501e-004
 1.850044e+000  1.171170e-003  4.366960e-004
 1.855800e+000  1.891370e-003  4.370949e-004
 1.861557e+000  1.672980e-003  4.386226e-004
 1.867313e+000  1.286040e-003  4.348748e-004
 1.873069e+000  2.030100e-003  4.378166e-004
 1.878825e+000  1.587630e-003  4.358543e-004
 1.884581e+000  1.875970e-003  4.384737e-004
 1.890338e+000  1.524090e-003  4.347247e-004
 1.896094e+000  1.453220e-003  4.346816e-004
 1.901850e+000  9.801300e-004  4.337020e-004
 1.907606e+000  1.383150e-003  4.348655e-004
 1.913363e+000  2.156720e-003  4.421694e-004
 1.919119e+000  1.879660e-003  4.364527e-004
 1.924875e+000  1.224100e-003  4.310374e-004
 1.930631e+000  8.584000e-004  4.333008e-004
 1.936388e+000  1.164610e-003  4.342541e-004
 1.942144e+000  3.615200e-004  4.279009e-004
 1.947900e+000  6.386600e-004  4.268512e-004
 1.953656e+000  1.077970e-003  4.259490e-004
 1.959413e+000  1.664800e-003  4.268400e-004
 1.965169e+000  1.326750e-003  4.238705e-004
 1.970925e+000  1.272970e-003  4.241512e-004
 1.976681e+000  1.390810e-003  4.237512e-004
 1.982438e+000  1.061530e-003  4.225457e-004
 1.988194e+000  1.414290e-003  4.232834e-004
 1.993950e+000  1.260980e-003  4.221434e-004
 1.999706e+000  1.513600e-003  4.195926e-004
 2.005463e+000  2.131620e-003  4.222714e-004
 2.011219e+000  1.334950e-003  4.229683e-004
 2.016975e+000  1.444130e-003  4.188496e-004
 2.022731e+000  1.463360e-003  4.207450e-004
 2.028488e+000  1.118420e-003  4.197057e-004
 2.034244e+000  9.664800e-004  4.135937e-004
 2.040000e+000  1.150580e-003  4.158078e-004
 2.045756e+000  2.148130e-003  4.223326e-004
 2.051512e+000  1.343330e-003  4.169474e-004
 2.057269e+000  5.030900e-004  4.124958e-004
 2.063025e+000  1.838690e-003  4.178934e-004
 2.068781e+000  1.122230e-003  4.153611e-004
 2.074537e+000  1.344770e-003  4.151757e-004
 2.080294e+000  1.128720e-003  4.126065e-004
 2.086050e+000  8.376200e-004  4.145979e-004
 2.091806e+000  1.680210e-003  4.140223e-004
 2.097562e+000  1.106040e-003  4.106771e-004
 2.103319e+000  1.413360e-003  4.131134e-004
 2.109075e+000  1.740640e-003  4.127453e-004
 2.114831e+000  1.183020e-003  4.078972e-004
 2.120587e+000  1.310080e-003  4.127900e-004
 2.126344e+000  1.756150e-003  4.096175e-004
 2.132100e+000  1.214000e-003  4.083025e-004
 2.137856e+000  1.063190e-003  4.072194e-004
 2.143612e+000  1.637820e-003  4.123367e-004
 2.149369e+000  4.515000e-005  4.014508e-004
 2.155125e+000  1.738140e-003  4.083811e-004
 2.160881e+000  9.009000e-004  4.048527e-004
 2.166637e+000  1.320780e-003  4.045556e-004
 2.172394e+000  1.494350e-003  4.046230e-004
 2.178150e+000  9.271500e-004  4.046964e-004
 2.183906e+000  5.603700e-004  4.048171e-004
 2.189662e+000  1.058210e-003  4.035807e-004
 2.195419e+000  4.534200e-004  3.988946e-004
 2.201175e+000  5.281100e-004  4.023287e-004
 2.206931e+000  5.289100e-004  3.995780e-004
 2.212687e+000  7.053200e-004  3.996589e-004
 2.218443e+000  2.146060e-003  4.063006e-004
 2.224200e+000  9.087000e-004  4.005430e-004
 2.229956e+000  1.307890e-003  3.990051e-004
 2.235712e+000  1.356550e-003  4.010601e-004
 2.241468e+000  5.572600e-004  3.999568e-004
 2.247225e+000  1.601670e-003  3.985043e-004
 2.252981e+000  1.411860e-003  3.979894e-004
 2.258737e+000  5.884900e-004  4.002086e-004
 2.264493e+000  5.690300e-004  4.021411e-004
 2.270250e+000  1.238730e-003  4.078840e-004
 2.276006e+000  8.762400e-004  4.096051e-004
 2.281762e+000  7.131200e-004  4.107855e-004
 2.287518e+000  1.092710e-003  4.105375e-004
 2.293275e+000  4.540700e-004  4.147810e-004
 2.299031e+000  1.006200e-003  4.165157e-004
 2.304787e+000  9.168900e-004  4.164895e-004
 2.310543e+000  8.554200e-004  4.167849e-004
 2.316300e+000  9.975500e-004  4.262578e-004
 2.322056e+000  7.242200e-004  4.274899e-004
 2.327812e+000  4.356000e-005  4.285935e-004
 2.333568e+000  7.827800e-004  4.377350e-004
 2.339325e+000  1.095040e-003  4.422096e-004
 2.345081e+000  3.349400e-004  4.415407e-004
 2.350837e+000  7.102000e-004  4.456785e-004
 2.356593e+000  7.892300e-004  4.486215e-004
 2.362349e+000  7.636500e-004  4.516007e-004
 2.368106e+000  9.548500e-004  4.561307e-004
 2.373862e+000 -4.983000e-005  4.525345e-004
 2.379618e+000  7.763600e-004  4.589069e-004
 2.385374e+000  2.819900e-004  4.590835e-004
 2.391131e+000  8.662800e-004  4.639585e-004
 2.396887e+000  4.615200e-004  4.678658e-004
 2.402643e+000  8.717200e-004  4.669143e-004
 2.408399e+000  1.284910e-003  4.719846e-004
 2.414156e+000  6.522600e-004  4.723300e-004
 2.419912e+000  1.425630e-003  4.771252e-004
 2.425668e+000  2.110700e-004  4.716011e-004
 2.431424e+000  3.953100e-004  4.808389e-004
 2.437181e+000  1.333940e-003  4.818668e-004
 2.442937e+000  1.128900e-004  4.780920e-004
 2.448693e+000  8.985500e-004  4.853590e-004
 2.454449e+000  5.927200e-004  4.908400e-004
 2.460206e+000  3.163400e-004  4.848156e-004
 2.465962e+000  1.154470e-003  4.958778e-004
 2.471718e+000  1.558900e-003  4.989230e-004
 2.477474e+000  4.965400e-004  4.942064e-004
 2.483231e+000  1.721800e-004  4.947343e-004
 2.488987e+000  9.501100e-004  5.009778e-004
 2.494743e+000  1.085390e-003  5.169803e-004
 2.500499e+000  2.308600e-004  5.197919e-004
 2.506256e+000  5.319500e-004  5.331799e-004
 2.512012e+000  1.556070e-003  5.272802e-004
 2.517768e+000  7.326200e-004  5.200844e-004
 2.523524e+000  2.774400e-004  5.179014e-004
 2.529280e+000 -1.364000e-004  5.190685e-004
 2.535037e+000  4.620400e-004  5.160533e-004
 2.540793e+000  8.184100e-004  5.199335e-004
 2.546549e+000  5.935000e-004  5.196590e-004
 2.552305e+000  3.335700e-004  5.245078e-004
 2.558062e+000 -1.285250e-003  5.114635e-004
 2.563818e+000  1.790420e-003  5.292640e-004
 2.569574e+000  1.564860e-003  5.257553e-004
 2.575330e+000  8.262300e-004  5.182873e-004
 2.581087e+000 -1.825680e-003  8.545242e-004
 2.586843e+000 -7.874240e-003  2.410056e-003
 2.592599e+000  7.319100e-004  5.146958e-004
 2.598355e+000  3.215000e-005  5.180692e-004
 2.604112e+000  1.633930e-003  5.217544e-004
 2.609868e+000  4.155500e-004  5.184776e-004
 2.615624e+000  5.568900e-004  5.093532e-004
 2.621380e+000  3.615300e-004  5.144562e-004
 2.627137e+000  8.299000e-004  5.189468e-004
 2.632893e+000  4.903000e-004  5.083367e-004
 2.638649e+000  4.655100e-004  5.088107e-004
 2.644405e+000  4.219000e-005  5.114765e-004
 2.650162e+000  6.803500e-004  5.084364e-004
 2.655918e+000  1.484600e-003  6.197368e-004
 2.661674e+000  5.216000e-005  5.041401e-004
 2.667430e+000  1.082090e-003  5.155179e-004
 2.673186e+000  1.009180e-003  5.088926e-004
 2.678943e+000 -6.030000e-005  5.045912e-004
 2.684699e+000  9.257700e-004  5.080243e-004
 2.690455e+000 -1.046400e-004  5.011236e-004
 2.696211e+000  6.662000e-004  5.098588e-004
 2.701968e+000  2.463100e-004  5.094963e-004
 2.707724e+000  7.068600e-004  5.105716e-004
 2.713480e+000 -5.799000e-005  5.046542e-004
 2.719236e+000  8.240900e-004  5.123326e-004
 2.724993e+000  9.913400e-004  5.142508e-004
 2.730749e+000  5.759300e-004  5.072620e-004
 2.736505e+000  2.932500e-004  5.036843e-004
 2.742261e+000  6.965400e-004  5.112443e-004
 2.748018e+000  1.132410e-003  5.156711e-004
 2.753774e+000  5.608000e-004  5.023718e-004
 2.759530e+000  3.064800e-004  5.052989e-004
 2.765286e+000  3.692000e-004  5.091136e-004
 2.771043e+000  7.106000e-004  5.068911e-004
 2.776799e+000  1.317650e-003  5.196845e-004
 2.782555e+000  5.374300e-004  5.160705e-004
 2.788311e+000 -3.020800e-004  5.039767e-004
 2.794068e+000 -1.694100e-004  5.070953e-004
 2.799824e+000  1.691700e-004  5.075382e-004
 2.805580e+000  2.403300e-004  5.050168e-004
 2.811336e+000  1.668180e-003  5.187352e-004
 2.817093e+000  1.090390e-003  5.179178e-004
 2.822849e+000  1.090230e-003  5.131523e-004
 2.828605e+000  1.414870e-003  5.152391e-004
 2.834361e+000  4.480600e-004  5.088419e-004
 2.840117e+000  8.022600e-004  5.132039e-004
 2.845874e+000 -2.733300e-004  5.079227e-004
 2.851630e+000  9.323500e-004  5.151141e-004
 2.857386e+000  1.307620e-003  5.193449e-004
 2.863142e+000 -3.726200e-004  5.023864e-004
 2.868899e+000  8.230900e-004  5.120204e-004
 2.874655e+000  1.012900e-004  5.102934e-004
 2.880411e+000  1.303820e-003  5.140505e-004
 2.886167e+000  5.011100e-004  5.115160e-004
 2.891924e+000  8.869000e-005  5.165530e-004
 2.897680e+000 -1.646000e-004  5.081719e-004
 2.903436e+000  1.422260e-003  5.172009e-004
 2.909192e+000  6.310300e-004  5.149688e-004
 2.914949e+000  1.398830e-003  5.182730e-004
 2.920705e+000  1.056380e-003  5.115277e-004
 2.926461e+000  1.603190e-003  5.251602e-004
 2.932217e+000  1.484730e-003  5.161823e-004
 2.937974e+000  8.283200e-004  5.125596e-004
 2.943730e+000  7.639300e-004  5.130147e-004
 2.949486e+000  5.174200e-004  5.158560e-004
 2.955242e+000  1.728210e-003  6.220777e-004
 2.960999e+000  1.240230e-003  5.189285e-004
 2.966755e+000  2.003210e-003  5.196272e-004
 2.972511e+000 -1.540300e-004  5.133798e-004
 2.978267e+000  4.824900e-004  5.126352e-004
 2.984023e+000  1.226490e-003  5.209387e-004
 2.989780e+000  1.725300e-003  5.230958e-004
 2.995536e+000  9.145700e-004  5.177317e-004
 3.001292e+000 -2.687200e-004  5.093450e-004
 3.007048e+000  5.363100e-004  5.157698e-004
 3.012805e+000 -2.100200e-004  5.131467e-004
 3.018561e+000  6.226400e-004  5.129599e-004
 3.024317e+000 -1.943900e-004  5.134155e-004
 3.030073e+000  2.683000e-005  5.161806e-004
 3.035830e+000  1.008600e-003  5.173991e-004
 3.041586e+000  7.121100e-004  5.149426e-004
 3.047342e+000  1.992300e-004  5.132939e-004
 3.053098e+000  3.133400e-004  5.120496e-004
 3.058855e+000  6.910100e-004  5.195559e-004
 3.064611e+000 -1.473000e-004  5.132912e-004
 3.070367e+000  3.528400e-004  5.143473e-004
 3.076123e+000  1.244900e-003  5.216525e-004
 3.081880e+000  4.308700e-004  5.135377e-004
 3.087636e+000  1.614680e-003  5.218520e-004
 3.093392e+000  2.216530e-003  5.258436e-004
 3.099148e+000  2.326700e-004  5.181083e-004
 3.104905e+000  5.670500e-004  5.167548e-004
 3.110661e+000  1.037090e-003  5.141172e-004
 3.116417e+000  6.635000e-005  5.115250e-004
 3.122173e+000  9.917700e-004  5.167893e-004
 3.127930e+000  6.485500e-004  5.145015e-004
 3.133686e+000  4.132200e-004  5.166415e-004
 3.139442e+000  6.613300e-004  5.147749e-004
 3.145198e+000  1.457280e-003  5.261129e-004
 3.150954e+000  1.027090e-003  5.168701e-004
 3.156711e+000  2.995000e-004  5.133931e-004
 3.162467e+000  8.491500e-004  5.202296e-004
 3.168223e+000  9.785000e-004  5.170958e-004
 3.173979e+000  1.040910e-003  5.197786e-004
 3.179736e+000  8.119700e-004  5.208973e-004
 3.185492e+000  5.686100e-004  5.211073e-004
 3.191248e+000  2.140340e-003  5.189112e-004
 3.197004e+000  8.700100e-004  5.200135e-004
 3.202761e+000  4.245400e-004  5.240614e-004
 3.208517e+000  1.262220e-003  5.201381e-004
 3.214273e+000  5.859900e-004  5.150096e-004
 3.220029e+000  2.345900e-004  5.197381e-004
 3.225786e+000  1.936300e-004  5.114928e-004
 3.231542e+000  6.547900e-004  5.151262e-004
 3.237298e+000  1.849240e-003  5.251727e-004
 3.243054e+000  4.327200e-004  5.124534e-004
 3.248811e+000  7.789400e-004  5.191083e-004
 3.254567e+000  1.226680e-003  5.217564e-004
 3.260323e+000  4.850600e-004  5.208519e-004
 3.266079e+000  8.436700e-004  5.156703e-004
 3.271836e+000  8.944900e-004  5.228944e-004
 3.277592e+000  3.464500e-004  5.170166e-004
 3.283348e+000  1.950000e-006  5.122607e-004
 3.289104e+000  1.045250e-003  5.235871e-004
 3.294860e+000  1.041720e-003  5.246533e-004
 3.300617e+000  1.016210e-003  5.192099e-004
 3.306373e+000  8.469800e-004  5.194653e-004
 3.312129e+000 -4.680000e-004  5.145059e-004
 3.317885e+000  9.058000e-004  5.267139e-004
 3.323642e+000  1.756900e-004  5.122376e-004
 3.329398e+000  6.139300e-004  5.188663e-004
 3.335154e+000  1.540210e-003  5.234143e-004
 3.340910e+000  8.576000e-004  5.195628e-004
 3.346667e+000  4.180400e-004  5.193539e-004
 3.352423e+000  4.268800e-004  5.216367e-004
 3.358179e+000 -2.742000e-005  5.130190e-004
 3.363935e+000 -1.308900e-004  5.127450e-004
 3.369692e+000  7.434400e-004  5.178088e-004
 3.375448e+000  3.430200e-004  5.162618e-004
 3.381204e+000  5.524600e-004  5.112481e-004
 3.386960e+000  7.648000e-005  5.180388e-004
 3.392717e+000  1.387680e-003  5.271606e-004
 3.398473e+000  8.487800e-004  5.171788e-004
 3.404229e+000  1.509360e-003  5.232724e-004
 3.409985e+000  1.610620e-003  5.201198e-004
 3.415742e+000  7.197900e-004  5.167421e-004
 3.421498e+000  1.385680e-003  5.199644e-004
 3.427254e+000 -4.230000e-005  5.119990e-004
 3.433010e+000  1.614290e-003  5.229908e-004
 3.438767e+000  9.689300e-004  5.130305e-004
 3.444523e+000  1.009080e-003  5.207273e-004
 3.450279e+000  1.320700e-003  5.254848e-004
 3.456035e+000  6.590300e-004  5.138588e-004
 3.461791e+000  1.672460e-003  5.268190e-004
 3.467548e+000  9.602200e-004  5.205300e-004
 3.473304e+000  1.217060e-003  5.250722e-004
 3.479060e+000  4.765000e-004  5.224011e-004
 3.484816e+000  6.438800e-004  5.249702e-004
 3.490573e+000  5.470000e-006  5.188033e-004
 3.496329e+000  8.808500e-004  5.185544e-004
 3.502085e+000  1.130550e-003  5.222504e-004
 3.507841e+000  1.081350e-003  5.227787e-004
 3.513598e+000  5.817000e-004  5.132216e-004
 3.519354e+000  7.886000e-005  5.188770e-004
 3.525110e+000  9.257900e-004  5.228695e-004
 3.530866e+000 -3.178600e-004  5.128960e-004
 3.536623e+000  6.313000e-004  5.168280e-004
 3.542379e+000  5.373000e-004  5.168544e-004
 3.548135e+000  6.371600e-004  5.197077e-004
 3.553891e+000  1.230370e-003  5.206594e-004
 3.559648e+000 -2.852400e-004  5.144766e-004
 3.565404e+000  5.397200e-004  5.210824e-004
 3.571160e+000 -5.246400e-004  5.054602e-004
 3.576916e+000  6.410700e-004  5.205432e-004
 3.582673e+000  7.342300e-004  5.201611e-004
 3.588429e+000  4.037400e-004  5.153537e-004
 3.594185e+000  8.573200e-004  5.214176e-004
 3.599941e+000  1.975630e-003  5.246065e-004
 3.605698e+000 -4.183200e-004  5.137553e-004
 3.611454e+000  1.391640e-003  5.196099e-004
 3.617210e+000  9.359900e-004  5.227839e-004
 3.622966e+000  6.393200e-004  5.226137e-004
 3.628722e+000  1.466370e-003  5.273346e-004
 3.634479e+000  1.059510e-003  5.171762e-004
 3.640235e+000  1.488280e-003  5.350128e-004
 3.645991e+000  6.879600e-004  5.455797e-004
 3.651747e+000  2.803700e-004  5.542798e-004
 3.657504e+000  1.030900e-004  5.605981e-004
 3.663260e+000  3.075200e-004  5.684670e-004
 3.669016e+000  1.462520e-003  5.815312e-004
 3.674772e+000  2.319700e-004  5.846448e-004
 3.680529e+000  3.143300e-004  5.828924e-004
 3.686285e+000  1.655580e-003  6.061124e-004
 3.692041e+000  1.256150e-003  6.049094e-004
 3.697797e+000  1.228300e-003  6.119082e-004
 3.703554e+000  1.602360e-003  6.166812e-004
 3.709310e+000  6.408000e-004  6.193750e-004
 3.715066e+000  9.292300e-004  6.283091e-004
 3.720822e+000  9.859500e-004  6.353588e-004
 3.726579e+000  9.961100e-004  6.352077e-004
 3.732335e+000 -8.458000e-005  6.340194e-004
 3.738091e+000 -1.702700e-004  6.370273e-004
 3.743847e+000  1.084510e-003  6.487108e-004
 3.749604e+000  1.543270e-003  6.621126e-004
 3.755360e+000  5.348100e-004  6.647035e-004
 3.761116e+000  3.879000e-005  6.670073e-004
 3.766872e+000  1.192890e-003  6.775317e-004
 3.772628e+000  5.458000e-004  6.776179e-004
 3.778385e+000  1.721010e-003  6.899668e-004
 3.784141e+000  1.111920e-003  6.894012e-004
 3.789897e+000  1.279320e-003  7.040627e-004
 3.795653e+000  1.034480e-003  7.004690e-004
 3.801410e+000  5.515900e-004  7.069882e-004
 3.807166e+000  1.159510e-003  7.161792e-004
 3.812922e+000  1.181930e-003  7.229217e-004
 3.818678e+000 -5.800000e-007  7.146212e-004
 3.824435e+000  1.243500e-004  7.138238e-004
 3.830191e+000 -4.416400e-004  7.235588e-004
 3.835947e+000  2.000150e-003  7.457615e-004
 3.841703e+000 -1.293500e-004  7.388081e-004
 3.847460e+000  1.081660e-003  7.463838e-004
 3.853216e+000 -4.668100e-004  7.400656e-004
 3.858972e+000  6.730000e-005  7.479387e-004
 3.864728e+000  6.013000e-005  7.622498e-004
 3.870485e+000  7.423300e-004  7.767912e-004
 3.876241e+000  3.541500e-004  7.672285e-004
 3.881997e+000  3.638400e-004  7.834369e-004
 3.887753e+000  1.486790e-003  8.005948e-004
 3.893510e+000  2.002200e-004  7.914904e-004
 3.899266e+000  1.435600e-004  8.061986e-004
 3.905022e+000  7.153500e-004  8.108221e-004
 3.910778e+000 -4.330900e-004  8.260697e-004
 3.916535e+000  6.222000e-004  8.236514e-004
 3.922291e+000  8.056200e-004  8.337861e-004
 3.928047e+000  4.002600e-004  8.392627e-004
 3.933803e+000  1.120300e-003  8.476497e-004
 3.939559e+000 -6.661100e-004  8.421567e-004
 3.945316e+000 -1.583400e-004  8.547747e-004
 3.951072e+000  9.806300e-004  8.823238e-004
 3.956828e+000  6.500600e-004  8.747925e-004
 3.962584e+000 -7.552600e-004  8.818277e-004
 3.968341e+000  3.162700e-004  9.019409e-004
 3.974097e+000  1.234560e-003  9.111072e-004
 3.979853e+000 -2.267800e-004  9.132512e-004
 3.985609e+000  1.612310e-003  9.372955e-004
 3.991366e+000  2.300000e-004  9.261190e-004
 3.997122e+000 -2.001540e-003  9.193728e-004