  8.985920e-02   9.879984e+01   6.963461e+01
  9.259320e-02   1.816896e+02   5.615071e+01
  9.532730e-02   1.200683e+02   5.047001e+01
  9.806130e-02   1.670337e+02   4.400477e+01
  1.007950e-01   1.554805e+02   4.007388e+01
  1.035290e-01   1.923004e+02   3.593527e+01
  1.062630e-01   1.416353e+02   3.335560e+01
  1.089980e-01   1.499657e+02   2.943761e+01
  1.117320e-01   1.751133e+02   2.727782e+01
  1.144660e-01   1.568768e+02   2.546566e+01
  1.172000e-01   1.544533e+02   2.337475e+01
  1.199340e-01   1.331133e+02   2.155773e+01
  1.226680e-01   1.502528e+02   1.985332e+01
  1.254020e-01   1.464930e+02   1.855563e+01
  1.281360e-01   1.516968e+02   1.772153e+01
  1.308700e-01   1.347490e+02   1.622193e+01
  1.336040e-01   1.594902e+02   1.555432e+01
  1.363380e-01   1.494217e+02   1.420080e+01
  1.390720e-01   1.552270e+02   1.352895e+01
  1.418060e-01   1.419047e+02   1.257058e+01
  1.445400e-01   1.277761e+02   1.198095e+01
  1.472740e-01   1.392109e+02   1.150084e+01
  1.500080e-01   1.517666e+02   1.065023e+01
  1.527420e-01   1.442417e+02   1.028184e+01
  1.554760e-01   1.427835e+02   9.548782e+00
  1.582100e-01   1.366081e+02   9.260680e+00
  1.609440e-01   1.425874e+02   8.679707e+00
  1.636780e-01   1.378163e+02   8.362212e+00
  1.664120e-01   1.362142e+02   7.930113e+00
  1.691460e-01   1.304495e+02   7.556949e+00
  1.718810e-01   1.415055e+02   7.273917e+00
  1.746150e-01   1.380857e+02   6.904640e+00
  1.773490e-01   1.354873e+02   6.607909e+00
  1.800830e-01   1.479909e+02   6.274905e+00
  1.828170e-01   1.332007e+02   6.104455e+00
  1.855510e-01   1.264645e+02   5.874548e+00
  1.882850e-01   1.355377e+02   5.559649e+00
  1.910190e-01   1.285171e+02   5.312943e+00
  1.937530e-01   1.328404e+02   5.208275e+00
  1.964870e-01   1.309114e+02   5.012839e+00
  1.992210e-01   1.254638e+02   4.901767e+00
  2.019550e-01   1.250540e+02   4.512264e+00
  2.046890e-01   1.304928e+02   4.486210e+00
  2.074230e-01   1.236444e+02   4.333256e+00
  2.101570e-01   1.235676e+02   4.286976e+00
  2.128910e-01   1.277602e+02   4.141962e+00
  2.156250e-01   1.231878e+02   3.941413e+00
  2.183590e-01   1.257844e+02   3.994167e+00
  2.210930e-01   1.234616e+02   3.791533e+00
  2.238270e-01   1.179177e+02   3.698134e+00
  2.265610e-01   1.223337e+02   3.648727e+00
  2.292950e-01   1.203412e+02   3.509781e+00
  2.320290e-01   1.194669e+02   3.541038e+00
  2.347640e-01   1.199729e+02   3.307350e+00
  2.374980e-01   1.189599e+02   3.384348e+00
  2.402320e-01   1.194130e+02   3.240006e+00
  2.429660e-01   1.178515e+02   3.186298e+00
  2.457000e-01   1.165417e+02   3.171054e+00
  2.484340e-01   1.170822e+02   2.974011e+00
  2.511680e-01   1.127068e+02   2.997539e+00
  2.539020e-01   1.129426e+02   2.914924e+00
  2.566360e-01   1.081901e+02   2.828414e+00
  2.593700e-01   1.085981e+02   2.757457e+00
  2.621040e-01   1.152072e+02   2.688815e+00
  2.648380e-01   1.095608e+02   2.701427e+00
  2.675720e-01   1.094213e+02   2.604901e+00
  2.703060e-01   1.065244e+02   2.525227e+00
  2.730400e-01   1.059255e+02   2.512986e+00
  2.757740e-01   1.054813e+02   2.408167e+00
  2.785080e-01   1.061181e+02   2.457989e+00
  2.812420e-01   1.042413e+02   2.338738e+00
  2.839760e-01   1.003366e+02   2.312931e+00
  2.867100e-01   1.016950e+02   2.311324e+00
  2.894440e-01   9.936509e+01   2.232082e+00
  2.921780e-01   9.692391e+01   2.219143e+00
  2.949120e-01   9.490844e+01   2.143956e+00
  2.976470e-01   9.902859e+01   2.133296e+00
  3.003810e-01   9.668633e+01   2.128880e+00
  3.031150e-01   9.458165e+01   2.070827e+00
  3.058490e-01   9.367195e+01   2.029510e+00
  3.085830e-01   9.418067e+01   2.009020e+00
  3.113170e-01   9.226853e+01   1.967942e+00
  3.140510e-01   9.284173e+01   1.971863e+00
  3.167850e-01   9.085629e+01   1.881158e+00
  3.195190e-01   8.976199e+01   1.899396e+00
  3.222530e-01   8.907928e+01   1.890246e+00
  3.249870e-01   8.819174e+01   1.857983e+00
  3.277210e-01   8.739809e+01   1.807896e+00
  3.304550e-01   8.576646e+01   1.797854e+00
  3.331890e-01   8.403608e+01   1.790135e+00
  3.359230e-01   8.250398e+01   1.780579e+00
  3.386570e-01   8.507305e+01   1.742504e+00
  3.413910e-01   8.290849e+01   1.685192e+00
  3.441250e-01   8.212005e+01   1.713720e+00
  3.468590e-01   8.121318e+01   1.680388e+00
  3.495930e-01   7.830089e+01   1.709905e+00
  3.523270e-01   7.843355e+01   1.637764e+00
  3.550610e-01   7.865665e+01   1.624172e+00
  3.577950e-01   7.885025e+01   1.625452e+00
  3.605300e-01   7.431006e+01   8.248455e-01
  3.632640e-01   7.421382e+01   8.230939e-01
  3.659980e-01   7.352694e+01   7.987057e-01
  3.687320e-01   7.224411e+01   7.996772e-01
  3.714660e-01   7.168768e+01   8.141950e-01
  3.742000e-01   7.171005e+01   7.804703e-01
  3.769340e-01   7.072156e+01   7.933578e-01
  3.796680e-01   7.039794e+01   7.849000e-01
  3.824020e-01   6.888559e+01   7.780552e-01
  3.851360e-01   6.845990e+01   7.799663e-01
  3.878700e-01   6.774492e+01   7.600501e-01
  3.906040e-01   6.537635e+01   7.692635e-01
  3.933380e-01   6.459696e+01   7.495377e-01
  3.960720e-01   6.447938e+01   7.537968e-01
  3.988060e-01   6.444039e+01   7.381207e-01
  4.015400e-01   6.323564e+01   7.502598e-01
  4.042740e-01   6.239097e+01   7.515707e-01
  4.070080e-01   6.167882e+01   7.308791e-01
  4.097420e-01   6.101268e+01   7.290991e-01
  4.124760e-01   5.963803e+01   7.204240e-01
  4.152100e-01   5.952085e+01   7.275673e-01
  4.179440e-01   5.873914e+01   7.308525e-01
  4.206780e-01   5.723183e+01   7.041895e-01
  4.234130e-01   5.681861e+01   7.203145e-01
  4.261470e-01   5.588765e+01   6.933360e-01
  4.288810e-01   5.569190e+01   7.092167e-01
  4.316150e-01   5.457280e+01   7.010839e-01
  4.343490e-01   5.445143e+01   6.890286e-01
  4.370830e-01   5.426344e+01   7.023722e-01
  4.398170e-01   5.233280e+01   6.830734e-01
  4.425510e-01   5.170538e+01   6.869889e-01
  4.452850e-01   5.157411e+01   6.726402e-01
  4.480190e-01   5.007890e+01   6.741043e-01
  4.507530e-01   4.920519e+01   6.791782e-01
  4.534870e-01   4.826084e+01   6.644675e-01
  4.562210e-01   4.880764e+01   6.748339e-01
  4.589550e-01   4.672093e+01   6.522100e-01
  4.616890e-01   4.682402e+01   6.670621e-01
  4.644230e-01   4.564929e+01   6.598757e-01
  4.671570e-01   4.585562e+01   6.449674e-01
  4.698910e-01   4.540198e+01   6.586956e-01
  4.726250e-01   4.544301e+01   6.464282e-01
  4.753590e-01   4.467751e+01   6.518493e-01
  4.780930e-01   4.263726e+01   6.365844e-01
  4.808270e-01   4.226290e+01   6.297017e-01
  4.835610e-01   4.171491e+01   6.465428e-01
  4.862960e-01   4.178476e+01   6.305566e-01
  4.890300e-01   4.058276e+01   6.353210e-01
  4.917640e-01   3.992104e+01   6.225747e-01
  4.944980e-01   4.038188e+01   6.216082e-01
  4.972320e-01   3.857363e+01   6.285062e-01
  4.999660e-01   3.803415e+01   6.195480e-01
  5.027000e-01   3.812504e+01   6.154675e-01
  5.054340e-01   3.793609e+01   6.138813e-01
  5.081680e-01   3.754206e+01   6.168266e-01
  5.109020e-01   3.614305e+01   6.163620e-01
  5.136360e-01   3.588803e+01   6.023071e-01
  5.163700e-01   3.548813e+01   6.106908e-01
  5.191040e-01   3.539061e+01   6.109829e-01
  5.218380e-01   3.422059e+01   6.119084e-01
  5.245720e-01   3.398340e+01   6.053868e-01
  5.273060e-01   3.348702e+01   5.951612e-01
  5.300400e-01   3.343685e+01   6.055110e-01
  5.327740e-01   3.207729e+01   5.827132e-01
  5.355080e-01   3.297613e+01   6.001486e-01
  5.382420e-01   3.191662e+01   5.987603e-01
  5.409760e-01   3.151816e+01   5.942081e-01
  5.437100e-01   3.019724e+01   5.901887e-01
  5.464450e-01   3.008365e+01   5.856687e-01
  5.491790e-01   2.969866e+01   5.838050e-01
  5.519130e-01   2.844619e+01   5.754194e-01
  5.546470e-01   2.856061e+01   5.810372e-01
  5.573810e-01   2.774184e+01   5.838442e-01
  5.601150e-01   2.723371e+01   5.665759e-01
  5.628490e-01   2.736179e+01   5.715549e-01
  5.655830e-01   2.664698e+01   5.723993e-01
  5.683170e-01   2.696854e+01   5.766759e-01
  5.710510e-01   2.541333e+01   5.654295e-01
  5.737850e-01   2.597963e+01   5.647653e-01
  5.765190e-01   2.498930e+01   5.626596e-01
  5.792530e-01   2.614403e+01   5.688779e-01
  5.819870e-01   2.524113e+01   5.588571e-01
  5.847210e-01   2.442302e+01   5.649263e-01
  5.874550e-01   2.438685e+01   5.623545e-01
  5.901890e-01   2.360218e+01   5.546958e-01
  5.929230e-01   2.304163e+01   5.628399e-01
  5.956570e-01   2.289668e+01   5.490285e-01
  5.983910e-01   2.282010e+01   5.532285e-01
  6.011250e-01   2.195214e+01   5.553437e-01
  6.038590e-01   2.152910e+01   5.476356e-01
  6.065930e-01   2.168720e+01   1.139210e-01
  6.093280e-01   2.145680e+01   1.137880e-01
  6.120620e-01   2.106370e+01   1.119110e-01
  6.147960e-01   2.073940e+01   1.112860e-01
  6.175300e-01   2.046090e+01   1.091920e-01
  6.202640e-01   2.014040e+01   1.089200e-01
  6.229980e-01   1.987180e+01   1.075520e-01
  6.257320e-01   1.944960e+01   1.060090e-01
  6.284660e-01   1.919640e+01   1.043640e-01
  6.312000e-01   1.893190e+01   1.030730e-01
  6.339340e-01   1.863510e+01   1.033720e-01
  6.366680e-01   1.822070e+01   1.012690e-01
  6.394020e-01   1.800990e+01   1.002050e-01
  6.421360e-01   1.782200e+01   9.905790e-02
  6.448700e-01   1.771760e+01   9.877140e-02
  6.476040e-01   1.726460e+01   9.776430e-02
  6.503380e-01   1.700350e+01   9.638850e-02
  6.530720e-01   1.674480e+01   9.468380e-02
  6.558060e-01   1.662020e+01   9.546200e-02
  6.585400e-01   1.624040e+01   9.266610e-02
  6.612740e-01   1.611440e+01   9.355920e-02
  6.640080e-01   1.581110e+01   9.092870e-02
  6.667420e-01   1.573270e+01   9.092970e-02
  6.694760e-01   1.537630e+01   9.016340e-02
  6.722110e-01   1.523000e+01   8.914390e-02
  6.749450e-01   1.508160e+01   8.929140e-02
  6.776790e-01   1.469440e+01   8.644170e-02
  6.804130e-01   1.459890e+01   8.722140e-02
  6.831470e-01   1.436160e+01   8.644460e-02
  6.858810e-01   1.421270e+01   8.502830e-02
  6.886150e-01   1.392220e+01   8.483450e-02
  6.913490e-01   1.384100e+01   8.359260e-02
  6.940830e-01   1.363840e+01   8.323360e-02
  6.968170e-01   1.343610e+01   8.220950e-02
  6.995510e-01   1.317650e+01   8.053000e-02
  7.022850e-01   1.307500e+01   8.074430e-02
  7.050190e-01   1.295950e+01   8.065560e-02
  7.077530e-01   1.277420e+01   8.009450e-02
  7.104870e-01   1.258390e+01   7.816370e-02
  7.132210e-01   1.250950e+01   7.822580e-02
  7.159550e-01   1.230300e+01   7.802620e-02
  7.186890e-01   1.200610e+01   7.697460e-02
  7.214230e-01   1.216030e+01   7.717210e-02
  7.241570e-01   1.179750e+01   7.559700e-02
  7.268910e-01   1.167060e+01   7.480300e-02
  7.296250e-01   1.140320e+01   7.424110e-02
  7.323590e-01   1.142460e+01   7.405280e-02
  7.350940e-01   1.121820e+01   7.334120e-02
  7.378280e-01   1.110160e+01   7.217010e-02
  7.405620e-01   1.099380e+01   7.245880e-02
  7.432960e-01   1.082430e+01   7.175680e-02
  7.460300e-01   1.073120e+01   7.069570e-02
  7.487640e-01   1.053650e+01   7.020860e-02
  7.514980e-01   1.055990e+01   7.043480e-02
  7.542320e-01   1.033160e+01   6.989690e-02
  7.569660e-01   1.035420e+01   6.927720e-02
  7.597000e-01   1.018750e+01   6.897670e-02
  7.624340e-01   1.005650e+01   6.849900e-02
  7.651680e-01   1.007330e+01   6.860130e-02
  7.679020e-01   9.868800e+00   6.777240e-02
  7.706360e-01   9.849910e+00   6.743190e-02
  7.733700e-01   9.724580e+00   6.752020e-02
  7.761040e-01   9.583540e+00   6.700890e-02
  7.788380e-01   9.621690e+00   6.718710e-02
  7.815720e-01   9.492130e+00   6.638830e-02
  7.843060e-01   9.405610e+00   6.673620e-02
  7.870400e-01   9.394370e+00   6.727710e-02
  7.897740e-01   9.123640e+00   6.597690e-02
  7.925080e-01   9.140070e+00   6.595440e-02
  7.952420e-01   9.138140e+00   6.607210e-02
  7.979770e-01   8.963740e+00   6.528750e-02
  8.007110e-01   8.911760e+00   6.625630e-02
  8.034450e-01   8.868410e+00   6.477820e-02
  8.061790e-01   8.835890e+00   6.553650e-02
  8.089130e-01   8.697110e+00   6.472090e-02
  8.116470e-01   8.704380e+00   6.510780e-02
  8.143810e-01   8.439600e+00   6.371440e-02
  8.171150e-01   8.481630e+00   6.382250e-02
  8.198490e-01   8.402790e+00   6.432950e-02
  8.225830e-01   8.320590e+00   6.370900e-02
  8.253170e-01   8.289250e+00   6.362830e-02
  8.280510e-01   8.251140e+00   6.344270e-02
  8.307850e-01   8.142040e+00   6.253640e-02
  8.335190e-01   8.132520e+00   6.368740e-02
  8.362530e-01   8.000830e+00   6.261920e-02
  8.389870e-01   8.027130e+00   6.273730e-02
  8.417210e-01   7.986360e+00   6.310550e-02
  8.444550e-01   7.920380e+00   6.237270e-02
  8.471890e-01   7.778510e+00   6.239960e-02
  8.499230e-01   7.780850e+00   6.125080e-02
  8.526570e-01   7.737370e+00   6.214340e-02
  8.553910e-01   7.719480e+00   6.173170e-02
  8.581250e-01   7.815710e+00   6.270680e-02
  8.608600e-01   7.647870e+00   6.174410e-02
  8.635940e-01   7.516300e+00   6.070210e-02
  8.663280e-01   7.517290e+00   6.131420e-02
  8.690620e-01   7.440100e+00   6.098120e-02
  8.717960e-01   7.447110e+00   6.086200e-02
  8.745300e-01   7.352690e+00   6.051700e-02
  8.772640e-01   7.347220e+00   6.065350e-02
  8.799980e-01   7.283410e+00   6.078440e-02
  8.827320e-01   7.386170e+00   6.103750e-02
  8.854660e-01   7.166130e+00   5.980210e-02
  8.882000e-01   7.162410e+00   5.994560e-02
  8.909340e-01   7.114130e+00   5.988160e-02
  8.936680e-01   7.149190e+00   6.033370e-02
  8.964020e-01   7.118790e+00   6.011470e-02
  8.991360e-01   7.043000e+00   5.942890e-02
  9.018700e-01   6.939970e+00   5.918910e-02
  9.046040e-01   6.988460e+00   5.970920e-02
  9.073380e-01   6.802510e+00   5.879330e-02
  9.100720e-01   6.875880e+00   5.936160e-02
  9.128060e-01   6.896810e+00   5.913700e-02
  9.155400e-01   6.863840e+00   5.858870e-02
  9.182740e-01   6.782990e+00   5.925250e-02
  9.210090e-01   6.763950e+00   5.888740e-02
  9.237430e-01   6.662430e+00   5.859370e-02
  9.264770e-01   6.608810e+00   5.882320e-02
  9.292110e-01   6.595580e+00   5.751220e-02
  9.319450e-01   6.596880e+00   5.821890e-02
  9.346790e-01   6.566560e+00   5.806670e-02
  9.374130e-01   6.558160e+00   5.848180e-02
  9.401470e-01   6.487270e+00   5.814760e-02
  9.428810e-01   6.487320e+00   5.757940e-02
  9.456150e-01   6.512260e+00   5.831960e-02
  9.483490e-01   6.415430e+00   5.715020e-02
  9.510830e-01   6.496470e+00   5.795360e-02
  9.538170e-01   6.341170e+00   5.736320e-02
  9.565510e-01   6.320150e+00   5.755700e-02
  9.592850e-01   6.256710e+00   5.759480e-02
  9.620190e-01   6.287360e+00   5.692440e-02
  9.647530e-01   6.244330e+00   5.718410e-02
  9.674870e-01   6.148930e+00   5.651630e-02
  9.702210e-01   6.143680e+00   5.682590e-02
  9.729550e-01   6.222500e+00   5.728370e-02
  9.756890e-01   6.196850e+00   5.677280e-02
  9.784230e-01   6.056410e+00   5.720570e-02
  9.811570e-01   6.119580e+00   5.623900e-02
  9.838920e-01   6.108520e+00   5.728670e-02
  9.866260e-01   6.032220e+00   5.661720e-02
  9.893600e-01   5.989090e+00   5.627870e-02
  9.920940e-01   6.063230e+00   5.687270e-02
  9.948280e-01   5.935780e+00   5.572180e-02
  9.975620e-01   5.807160e+00   5.584520e-02
  1.000300e+00   5.850690e+00   5.514780e-02
  1.003030e+00   5.786070e+00   5.561870e-02
  1.005760e+00   5.761320e+00   5.541090e-02
  1.008500e+00   5.798380e+00   5.573950e-02
  1.011230e+00   5.764570e+00   5.552680e-02
  1.013970e+00   5.797340e+00   5.491650e-02
  1.016700e+00   5.764070e+00   5.581810e-02
  1.019430e+00   5.769120e+00   5.561670e-02
  1.022170e+00   5.570400e+00   5.478550e-02
  1.024900e+00   5.692250e+00   5.560850e-02
  1.027640e+00   5.528810e+00   5.416230e-02
  1.030370e+00   5.573600e+00   5.541920e-02
  1.033100e+00   5.552540e+00   5.434580e-02
  1.035840e+00   5.465400e+00   5.460640e-02
  1.038570e+00   5.458110e+00   5.476680e-02
  1.041310e+00   5.512390e+00   5.445900e-02
  1.044040e+00   5.436090e+00   5.502320e-02
  1.046770e+00   5.370320e+00   5.378170e-02
  1.049510e+00   5.374370e+00   5.408700e-02
  1.052240e+00   5.325200e+00   5.404550e-02
  1.054980e+00   5.316030e+00   5.382700e-02
  1.057710e+00   5.240220e+00   5.397300e-02
  1.060440e+00   5.269400e+00   5.347990e-02
  1.063180e+00   5.104330e+00   5.331580e-02
  1.065910e+00   5.127870e+00   5.266800e-02
  1.068650e+00   5.132350e+00   5.295940e-02
  1.071380e+00   5.160200e+00   5.354960e-02
  1.074110e+00   5.054330e+00   5.267450e-02
  1.076850e+00   5.117360e+00   5.342110e-02
  1.079580e+00   4.981590e+00   5.244490e-02
  1.082320e+00   5.054090e+00   5.261590e-02
  1.085050e+00   4.991840e+00   5.301470e-02
  1.087790e+00   4.945830e+00   5.220990e-02
  1.090520e+00   4.839730e+00   5.264120e-02
  1.093250e+00   4.891380e+00   5.191230e-02
  1.095990e+00   4.814510e+00   5.212070e-02
  1.098720e+00   4.783940e+00   5.235680e-02
  1.101460e+00   4.862080e+00   5.213190e-02
  1.104190e+00   4.695300e+00   5.151860e-02
  1.106920e+00   4.647600e+00   5.158710e-02
  1.109660e+00   4.622400e+00   5.119130e-02
  1.112390e+00   4.648420e+00   5.157690e-02
  1.115130e+00   4.560730e+00   5.062680e-02
  1.117860e+00   4.624010e+00   5.150400e-02
  1.120590e+00   4.571080e+00   5.103510e-02
  1.123330e+00   4.478160e+00   5.072770e-02
  1.126060e+00   4.456570e+00   5.082430e-02
  1.128800e+00   4.421790e+00   5.040290e-02
  1.131530e+00   4.420700e+00   5.062100e-02
  1.134260e+00   4.329640e+00   5.034630e-02
  1.137000e+00   4.371780e+00   5.028480e-02
  1.139730e+00   4.296010e+00   4.980740e-02
  1.142470e+00   4.193470e+00   5.002250e-02
  1.145200e+00   4.286640e+00   5.005340e-02
  1.147930e+00   4.254560e+00   5.005570e-02
  1.150670e+00   4.225360e+00   4.958730e-02
  1.153400e+00   4.170640e+00   4.969950e-02
  1.156140e+00   4.125040e+00   4.944300e-02
  1.158870e+00   4.081340e+00   4.905380e-02
  1.161600e+00   4.074940e+00   4.927600e-02
  1.164340e+00   4.028650e+00   4.871000e-02
  1.167070e+00   4.079060e+00   4.943780e-02
  1.169810e+00   4.038200e+00   4.890730e-02
  1.172540e+00   3.916580e+00   4.854440e-02
  1.175270e+00   3.850580e+00   4.835440e-02
  1.178010e+00   3.855560e+00   4.836120e-02
  1.180740e+00   3.902050e+00   4.873050e-02
  1.183480e+00   3.870160e+00   4.834160e-02
  1.186210e+00   3.718440e+00   4.758170e-02
  1.188940e+00   3.794250e+00   4.822610e-02
  1.191680e+00   3.726120e+00   4.786290e-02
  1.194410e+00   3.707800e+00   4.807860e-02
  1.197150e+00   3.639210e+00   4.738200e-02
  1.199880e+00   3.611190e+00   4.746530e-02
  1.202620e+00   3.587420e+00   4.729930e-02
  1.205350e+00   3.593260e+00   4.703670e-02
  1.208080e+00   3.533520e+00   4.684980e-02
  1.210820e+00   3.516670e+00   4.696870e-02
  1.213550e+00   3.476050e+00   4.710810e-02
  1.216290e+00   3.456470e+00   4.693340e-02
  1.219020e+00   3.454130e+00   4.639880e-02
  1.221750e+00   3.418580e+00   4.675930e-02
  1.224490e+00   3.365350e+00   4.640030e-02
  1.227220e+00   3.327650e+00   4.634710e-02
  1.229960e+00   3.336400e+00   4.947870e-02
  1.232690e+00   3.325940e+00   5.041450e-02
  1.238160e+00   3.240760e+00   5.109570e-02
  1.240890e+00   3.280910e+00   5.271590e-02
  1.243630e+00   3.176350e+00   5.380890e-02
  1.246360e+00   3.141450e+00   5.401780e-02
  1.249090e+00   3.249990e+00   5.464960e-02
  1.251830e+00   3.148040e+00   5.563290e-02
  1.254560e+00   3.132390e+00   5.554440e-02
  1.257300e+00   3.092880e+00   5.634800e-02
  1.260030e+00   3.057400e+00   5.815560e-02
  1.262760e+00   3.111480e+00   5.908030e-02
  1.265500e+00   2.961100e+00   5.286050e-02
  1.268230e+00   2.985320e+00   5.150740e-02
  1.270970e+00   2.955760e+00   5.040060e-02
  1.273700e+00   2.850060e+00   4.963280e-02
  1.276430e+00   2.865800e+00   4.875390e-02
  1.279170e+00   2.868810e+00   4.918740e-02
  1.281900e+00   2.718390e+00   4.796920e-02
  1.284640e+00   2.768190e+00   4.805170e-02
  1.287370e+00   2.640490e+00   4.693120e-02
  1.290100e+00   2.845590e+00   4.710190e-02
  1.292840e+00   2.724490e+00   4.611570e-02
  1.295570e+00   2.601780e+00   4.597880e-02
  1.298310e+00   2.661720e+00   4.535350e-02
  1.301040e+00   2.623700e+00   4.561630e-02
  1.303770e+00   2.564640e+00   4.460930e-02
  1.306510e+00   2.494680e+00   4.408000e-02
  1.309240e+00   2.563760e+00   4.480310e-02
  1.311980e+00   2.487340e+00   4.396990e-02
  1.314710e+00   2.479410e+00   4.410580e-02
  1.317440e+00   2.431840e+00   4.330450e-02
  1.320180e+00   2.498680e+00   4.378670e-02
  1.322910e+00   2.435010e+00   4.418680e-02
  1.325650e+00   2.358300e+00   4.306050e-02
  1.328380e+00   2.373740e+00   4.311830e-02
  1.331120e+00   2.303730e+00   4.287380e-02
  1.333850e+00   2.303890e+00   4.321800e-02
  1.336580e+00   2.341410e+00   4.364410e-02
  1.339320e+00   2.229780e+00   4.188550e-02
  1.342050e+00   2.233730e+00   4.287360e-02
  1.344790e+00   2.214340e+00   4.282070e-02
  1.347520e+00   2.161990e+00   4.273540e-02
  1.350250e+00   2.160880e+00   4.256320e-02
  1.352990e+00   2.194430e+00   4.258220e-02
  1.355720e+00   2.160340e+00   4.233330e-02
  1.358460e+00   2.171740e+00   4.254380e-02
  1.361190e+00   2.086330e+00   4.162270e-02
  1.363920e+00   2.086570e+00   4.200540e-02
  1.366660e+00   2.040690e+00   4.196030e-02
  1.369390e+00   2.051710e+00   4.179280e-02
  1.372130e+00   1.964800e+00   4.117110e-02
  1.374860e+00   1.896350e+00   4.112400e-02
  1.377590e+00   1.966260e+00   4.163410e-02
  1.380330e+00   1.994700e+00   4.163620e-02
  1.383060e+00   1.891750e+00   4.138200e-02
  1.385800e+00   1.877220e+00   4.077050e-02
  1.388530e+00   1.791700e+00   4.053890e-02
  1.391260e+00   1.870630e+00   4.095490e-02
  1.394000e+00   1.754570e+00   4.041040e-02
  1.396730e+00   1.866030e+00   4.128030e-02
  1.399470e+00   1.745070e+00   4.049520e-02
  1.402200e+00   1.762090e+00   4.064050e-02
  1.404930e+00   1.755360e+00   4.039470e-02
  1.407670e+00   1.796320e+00   4.032380e-02
  1.410400e+00   1.741860e+00   4.041950e-02
  1.413140e+00   1.721510e+00   4.071230e-02
  1.415870e+00   1.664740e+00   4.006910e-02
  1.418600e+00   1.704060e+00   4.020310e-02
  1.421340e+00   1.655520e+00   3.987680e-02
  1.424070e+00   1.640990e+00   4.002660e-02
  1.426810e+00   1.623780e+00   3.985910e-02
  1.429540e+00   1.619580e+00   3.977320e-02
  1.432270e+00   1.543820e+00   3.911400e-02
  1.435010e+00   1.586220e+00   3.993030e-02
  1.437740e+00   1.657910e+00   3.973850e-02
  1.440480e+00   1.586380e+00   3.961620e-02
  1.443210e+00   1.551820e+00   3.923630e-02
  1.445940e+00   1.462270e+00   3.943790e-02
  1.448680e+00   1.487350e+00   3.943490e-02
  1.451410e+00   1.529940e+00   3.934980e-02
  1.454150e+00   1.506370e+00   3.888130e-02
  1.456880e+00   1.473550e+00   3.878760e-02
  1.459620e+00   1.456850e+00   3.874190e-02
  1.462350e+00   1.444050e+00   3.844330e-02
  1.465080e+00   1.474230e+00   3.878540e-02
  1.467820e+00   1.386170e+00   3.817330e-02
  1.470550e+00   1.320970e+00   3.767720e-02
  1.473290e+00   1.380610e+00   3.779130e-02
  1.476020e+00   1.447170e+00   3.801550e-02
  1.478750e+00   1.342720e+00   3.717530e-02
  1.481490e+00   1.329400e+00   3.760710e-02
  1.484220e+00   1.366010e+00   3.760110e-02
  1.486960e+00   1.287620e+00   3.797500e-02
  1.489690e+00   1.245080e+00   3.689970e-02
  1.492420e+00   1.263190e+00   3.739860e-02
  1.495160e+00   1.279580e+00   3.759020e-02
  1.497890e+00   1.226640e+00   3.733020e-02
  1.500630e+00   1.290150e+00   3.750760e-02
  1.503360e+00   1.250430e+00   3.732230e-02
  1.506090e+00   1.245890e+00   3.762400e-02
  1.508830e+00   1.200940e+00   3.702890e-02
  1.511560e+00   1.208940e+00   3.700900e-02
  1.514300e+00   1.196580e+00   3.708930e-02
  1.517030e+00   1.179270e+00   3.749910e-02
  1.519760e+00   1.173720e+00   3.690890e-02
  1.522500e+00   1.197680e+00   3.721620e-02
  1.525230e+00   1.186520e+00   3.677570e-02
  1.527970e+00   1.175380e+00   3.687480e-02
  1.530700e+00   1.150900e+00   3.686920e-02
  1.533430e+00   1.060980e+00   3.667410e-02
  1.536170e+00   1.126880e+00   3.663110e-02
  1.538900e+00   1.148800e+00   3.642260e-02
  1.541640e+00   1.115390e+00   3.710790e-02
  1.544370e+00   1.096520e+00   3.643320e-02
  1.547100e+00   1.105040e+00   3.651150e-02
  1.549840e+00   1.096560e+00   3.681190e-02
  1.552570e+00   1.148350e+00   3.701340e-02
  1.555310e+00   1.103330e+00   3.653610e-02
  1.558040e+00   1.078940e+00   3.667490e-02
  1.560770e+00   1.060810e+00   3.634700e-02
  1.563510e+00   1.015630e+00   3.663000e-02
  1.566240e+00   1.079710e+00   3.651380e-02
  1.568980e+00   1.082810e+00   3.612960e-02
  1.571710e+00   9.845830e-01   3.600100e-02
  1.574440e+00   1.010320e+00   3.675980e-02
  1.577180e+00   1.046650e+00   3.649110e-02
  1.579910e+00   9.926060e-01   3.639490e-02
  1.582650e+00   1.001430e+00   3.598080e-02
  1.585380e+00   1.022910e+00   3.624440e-02
  1.588120e+00   1.045450e+00   3.623770e-02
  1.590850e+00   9.268080e-01   3.578850e-02
  1.593580e+00   9.480550e-01   3.568190e-02
  1.596320e+00   9.402330e-01   3.584260e-02
  1.599050e+00   9.556940e-01   3.596410e-02
  1.601790e+00   9.508980e-01   3.607880e-02
  1.604520e+00   9.949280e-01   3.600200e-02
  1.607250e+00   9.606130e-01   3.592490e-02
  1.609990e+00   9.554490e-01   3.588950e-02
  1.612720e+00   9.071530e-01   3.607950e-02
  1.615460e+00   8.987490e-01   3.572240e-02
  1.618190e+00   9.358700e-01   3.573380e-02
  1.620920e+00   8.944670e-01   3.583560e-02
  1.623660e+00   9.041340e-01   3.588110e-02
  1.626390e+00   9.021130e-01   3.583770e-02
  1.629130e+00   8.896630e-01   3.547060e-02
  1.631860e+00   9.225140e-01   3.579850e-02
  1.634590e+00   9.132000e-01   3.601410e-02
  1.637330e+00   8.730750e-01   3.570130e-02
  1.640060e+00   8.819250e-01   3.537820e-02
  1.642800e+00   9.254370e-01   3.582100e-02
  1.645530e+00   8.446590e-01   3.575890e-02
  1.648260e+00   9.073980e-01   3.565990e-02
  1.651000e+00   9.142220e-01   3.524710e-02
  1.653730e+00   9.081760e-01   3.587910e-02
  1.656470e+00   8.302250e-01   3.627160e-02
  1.659200e+00   8.899520e-01   3.553110e-02
  1.661930e+00   8.709340e-01   3.542460e-02
  1.664670e+00   8.782600e-01   3.554730e-02
  1.667400e+00   8.544110e-01   3.544260e-02
  1.670140e+00   8.513350e-01   3.571550e-02
  1.672870e+00   8.771210e-01   3.576360e-02
  1.675600e+00   8.524300e-01   3.509480e-02
  1.678340e+00   8.336490e-01   3.581130e-02
  1.681070e+00   8.088250e-01   3.555260e-02
  1.683810e+00   8.639900e-01   3.575400e-02
  1.686540e+00   8.224260e-01   3.514360e-02
  1.689270e+00   8.459460e-01   3.561180e-02
  1.692010e+00   8.466880e-01   3.516510e-02
  1.694740e+00   8.423300e-01   3.556760e-02
  1.697480e+00   8.352130e-01   3.504640e-02
  1.700210e+00   8.658740e-01   3.559440e-02
  1.702950e+00   8.546430e-01   3.545400e-02
  1.705680e+00   8.341860e-01   3.538190e-02
  1.708410e+00   8.347150e-01   3.542830e-02
  1.711150e+00   8.004370e-01   3.494860e-02
  1.713880e+00   8.535530e-01   3.530810e-02
  1.716620e+00   7.942740e-01   3.527350e-02
  1.719350e+00   8.336530e-01   3.535290e-02
  1.722080e+00   8.374460e-01   3.518140e-02
  1.724820e+00   8.216400e-01   3.517670e-02
  1.727550e+00   7.873060e-01   3.534400e-02
  1.730290e+00   8.501720e-01   3.564350e-02
  1.733020e+00   7.955290e-01   3.515360e-02
  1.735750e+00   7.988050e-01   3.532470e-02
  1.738490e+00   7.947510e-01   3.500340e-02
  1.741220e+00   7.981400e-01   3.520590e-02
  1.743960e+00   7.849040e-01   3.504130e-02
  1.746690e+00   7.605970e-01   3.501450e-02
  1.749420e+00   7.610470e-01   3.506390e-02
  1.752160e+00   7.896230e-01   3.516220e-02
  1.754890e+00   7.985000e-01   3.515360e-02
  1.757630e+00   7.813830e-01   3.487710e-02
  1.760360e+00   7.625620e-01   3.493510e-02
  1.763090e+00   8.151320e-01   3.498420e-02
  1.765830e+00   8.250480e-01   3.519760e-02
  1.768560e+00   8.033240e-01   3.519440e-02
  1.771300e+00   7.491100e-01   3.509040e-02
  1.774030e+00   7.856090e-01   3.477550e-02
  1.776760e+00   7.113150e-01   3.496710e-02
  1.779500e+00   8.327670e-01   3.494080e-02
  1.782230e+00   7.614190e-01   3.457550e-02
  1.784970e+00   7.303570e-01   3.492780e-02
  1.787700e+00   7.574780e-01   3.490110e-02
  1.790430e+00   7.515160e-01   3.492320e-02
  1.793170e+00   7.777230e-01   3.516520e-02
  1.795900e+00   7.454610e-01   3.463020e-02
  1.798640e+00   7.057860e-01   3.495350e-02
  1.801370e+00   7.814270e-01   3.537700e-02
  1.804100e+00   7.991340e-01   3.505270e-02
  1.806840e+00   6.914190e-01   3.481260e-02
  1.809570e+00   6.990020e-01   3.485490e-02
  1.812310e+00   7.394710e-01   3.489750e-02
  1.815040e+00   6.929870e-01   3.478790e-02
  1.817770e+00   6.976580e-01   3.467030e-02
  1.820510e+00   7.427190e-01   3.520810e-02
  1.823240e+00   6.998240e-01   3.483910e-02
  1.825980e+00   7.524460e-01   3.478640e-02
  1.828710e+00   6.634920e-01   3.465140e-02
  1.831450e+00   6.906260e-01   3.435350e-02
  1.834180e+00   7.491660e-01   3.502550e-02
  1.836910e+00   7.102250e-01   3.509760e-02
  1.839650e+00   6.899120e-01   3.492800e-02
  1.842380e+00   6.639780e-01   3.467270e-02
  1.845120e+00   7.020090e-01   3.440100e-02
  1.847850e+00   7.269730e-01   3.476170e-02
  1.850580e+00   7.019010e-01   3.458850e-02
  1.853320e+00   7.204290e-01   3.484980e-02
  1.856050e+00   6.594830e-01   3.456740e-02
  1.858790e+00   7.386930e-01   3.446310e-02
  1.861520e+00   6.868850e-01   3.473100e-02
  1.864250e+00   7.130790e-01   3.451740e-02
  1.866990e+00   6.677910e-01   3.468570e-02
  1.869720e+00   6.928430e-01   3.474010e-02
  1.872460e+00   5.907340e-01   3.405890e-02
  1.875190e+00   6.599680e-01   3.449950e-02
  1.877920e+00   6.098200e-01   3.407140e-02
  1.880660e+00   6.615960e-01   3.456200e-02
  1.883390e+00   6.891540e-01   3.455280e-02
  1.886130e+00   6.512790e-01   3.447580e-02
  1.888860e+00   6.834160e-01   3.443950e-02
  1.891590e+00   6.642740e-01   3.426490e-02
  1.894330e+00   6.328150e-01   3.423130e-02
  1.897060e+00   6.893660e-01   3.438510e-02
  1.899800e+00   6.038010e-01   3.426470e-02
  1.902530e+00   6.553570e-01   3.390130e-02
  1.905260e+00   6.258820e-01   3.450980e-02
  1.908000e+00   6.801400e-01   3.409760e-02
  1.910730e+00   6.407580e-01   3.409440e-02
  1.913470e+00   7.163790e-01   3.464320e-02
  1.916200e+00   6.677830e-01   3.411400e-02
  1.918930e+00   6.791980e-01   3.419760e-02
  1.921670e+00   6.130190e-01   3.431960e-02
  1.924400e+00   6.868520e-01   3.426850e-02
  1.927140e+00   6.196150e-01   3.410510e-02
  1.929870e+00   5.583120e-01   3.401170e-02
  1.932600e+00   5.993460e-01   3.424090e-02
  1.935340e+00   6.385570e-01   3.432950e-02
  1.938070e+00   6.351840e-01   3.414860e-02
  1.940810e+00   6.230190e-01   3.402190e-02
  1.943540e+00   6.142980e-01   3.367360e-02
  1.946270e+00   6.049520e-01   3.419510e-02
  1.949010e+00   5.892260e-01   3.395840e-02
  1.951740e+00   6.091820e-01   3.384470e-02
  1.954480e+00   6.386850e-01   3.443280e-02
  1.957210e+00   5.547030e-01   3.385520e-02
  1.959950e+00   5.787490e-01   3.394320e-02
  1.962680e+00   6.306740e-01   3.431650e-02
  1.965410e+00   5.810830e-01   3.409830e-02
  1.968150e+00   5.694790e-01   3.380810e-02
  1.970880e+00   5.169250e-01   3.394750e-02
  1.973620e+00   6.084680e-01   3.410020e-02
  1.976350e+00   6.204050e-01   3.396800e-02
  1.979080e+00   5.735810e-01   3.410830e-02
  1.981820e+00   6.282640e-01   3.385880e-02
  1.984550e+00   6.446710e-01   3.401720e-02
  1.987290e+00   5.317760e-01   3.366950e-02
  1.990020e+00   5.187370e-01   3.389430e-02
  1.992750e+00   5.549880e-01   3.413400e-02
  1.995490e+00   5.735570e-01   3.365170e-02
  1.998220e+00   5.663190e-01   3.364270e-02
  2.000960e+00   5.401920e-01   3.369000e-02
  2.003690e+00   5.920610e-01   3.394300e-02
  2.006420e+00   5.232680e-01   3.374230e-02
  2.009160e+00   5.714680e-01   3.377320e-02
  2.011890e+00   5.461110e-01   3.367740e-02
  2.014630e+00   4.985570e-01   3.373100e-02
  2.017360e+00   5.628150e-01   3.364930e-02
  2.020090e+00   5.374900e-01   3.370450e-02
  2.022830e+00   5.334080e-01   3.369770e-02
  2.025560e+00   5.668200e-01   3.393760e-02
  2.028300e+00   5.681680e-01   3.338530e-02
  2.031030e+00   4.923060e-01   3.370690e-02
  2.033760e+00   5.129110e-01   3.407450e-02
  2.036500e+00   5.306260e-01   3.345990e-02
  2.039230e+00   5.257100e-01   3.351020e-02
  2.041970e+00   5.049200e-01   3.381220e-02
  2.044700e+00   4.959220e-01   3.376240e-02
  2.047430e+00   4.951880e-01   3.352000e-02
  2.050170e+00   5.262470e-01   3.331010e-02
  2.052900e+00   5.059900e-01   3.367020e-02
  2.055640e+00   5.016640e-01   3.359170e-02
  2.058370e+00   5.237130e-01   3.353550e-02
  2.061100e+00   4.897630e-01   3.344030e-02
  2.063840e+00   4.576140e-01   3.349900e-02
  2.066570e+00   5.095150e-01   3.371330e-02
  2.069310e+00   5.117760e-01   3.363840e-02
  2.072040e+00   4.434600e-01   3.344370e-02
  2.074770e+00   4.877150e-01   3.348630e-02
  2.077510e+00   4.402930e-01   3.314880e-02
  2.080240e+00   4.948000e-01   3.346980e-02
  2.082980e+00   4.602610e-01   3.322740e-02
  2.085710e+00   4.669610e-01   3.353420e-02
  2.088450e+00   5.038930e-01   3.339530e-02
  2.091180e+00   4.699080e-01   3.340970e-02
  2.093910e+00   4.350760e-01   3.335330e-02
  2.096650e+00   4.006340e-01   3.308210e-02
  2.099380e+00   4.297550e-01   3.311910e-02
  2.102120e+00   4.735080e-01   3.307670e-02
  2.104850e+00   4.386410e-01   3.367640e-02
  2.107580e+00   4.841660e-01   3.317030e-02
  2.110320e+00   4.091580e-01   3.321670e-02
  2.113050e+00   4.644070e-01   3.326740e-02
  2.115790e+00   4.319090e-01   3.316370e-02
  2.118520e+00   4.210100e-01   3.311750e-02
  2.121250e+00   4.450920e-01   3.333150e-02
  2.123990e+00   4.535690e-01   3.332260e-02
  2.126720e+00   4.784640e-01   3.364050e-02
  2.129460e+00   4.908180e-01   3.293740e-02
  2.132190e+00   4.513070e-01   3.323040e-02
  2.134920e+00   4.240380e-01   3.309480e-02
  2.137660e+00   4.199520e-01   3.303140e-02
  2.140390e+00   4.855370e-01   3.324670e-02
  2.143130e+00   4.156860e-01   3.315390e-02
  2.145860e+00   3.687810e-01   3.315630e-02
  2.148590e+00   4.298840e-01   3.298930e-02
  2.151330e+00   3.681480e-01   3.308910e-02
  2.154060e+00   4.106580e-01   3.309440e-02
  2.156800e+00   4.162870e-01   3.287080e-02
  2.159530e+00   4.552210e-01   3.304460e-02
  2.162260e+00   3.984320e-01   3.264660e-02
  2.165000e+00   3.875340e-01   3.277930e-02
  2.167730e+00   4.282760e-01   3.319600e-02
  2.170470e+00   4.258700e-01   3.294370e-02
  2.173200e+00   4.122130e-01   3.290260e-02
  2.175930e+00   3.840140e-01   3.305940e-02
  2.178670e+00   3.646430e-01   3.285650e-02
  2.181400e+00   3.785970e-01   3.284770e-02
  2.184140e+00   3.993060e-01   3.291560e-02
  2.186870e+00   3.973780e-01   3.290630e-02
  2.189600e+00   3.607700e-01   3.288770e-02
  2.192340e+00   4.142140e-01   3.274020e-02
  2.195070e+00   2.912470e-01   3.268500e-02
  2.197810e+00   3.909940e-01   3.278220e-02
  2.200540e+00   3.259820e-01   3.274730e-02
  2.203280e+00   4.145910e-01   3.311400e-02
  2.206010e+00   3.756460e-01   3.249960e-02
  2.208740e+00   3.421770e-01   3.278250e-02
  2.211480e+00   3.578590e-01   3.274040e-02
  2.214210e+00   3.357060e-01   3.248050e-02
  2.216950e+00   4.154650e-01   3.298420e-02
  2.219680e+00   3.659860e-01   3.254610e-02
  2.222410e+00   3.661150e-01   3.269920e-02
  2.225150e+00   3.702040e-01   3.243290e-02
  2.227880e+00   3.698000e-01   3.293610e-02
  2.230620e+00   2.800960e-01   3.233630e-02
  2.233350e+00   3.718000e-01   3.276200e-02
  2.236080e+00   3.599760e-01   3.267480e-02
  2.238820e+00   3.405330e-01   3.269030e-02
  2.241550e+00   4.214230e-01   3.297940e-02
  2.244290e+00   3.288130e-01   3.252450e-02
  2.247020e+00   3.331520e-01   3.273180e-02
  2.249750e+00   3.301440e-01   3.237470e-02
  2.252490e+00   3.929710e-01   3.236560e-02
  2.255220e+00   3.767360e-01   3.253480e-02
  2.257960e+00   3.449080e-01   3.237790e-02
  2.260690e+00   3.335570e-01   3.260320e-02
  2.263420e+00   3.076940e-01   3.252650e-02
  2.266160e+00   3.381520e-01   3.243270e-02
  2.268890e+00   3.543580e-01   3.265440e-02
  2.271630e+00   3.546670e-01   3.242960e-02
  2.274360e+00   3.597030e-01   3.225940e-02
  2.277090e+00   3.791140e-01   3.274490e-02
  2.279830e+00   2.894710e-01   3.229560e-02
  2.282560e+00   3.219330e-01   3.244030e-02
  2.285300e+00   3.347430e-01   3.219630e-02
  2.288030e+00   3.312630e-01   3.249560e-02
  2.290760e+00   3.494390e-01   3.276890e-02
  2.293500e+00   3.610140e-01   3.250620e-02
  2.296230e+00   2.879270e-01   3.237910e-02
  2.298970e+00   3.523260e-01   3.232510e-02
  2.301700e+00   3.398160e-01   3.236000e-02
  2.304430e+00   3.277510e-01   3.243270e-02
  2.307170e+00   3.047830e-01   3.241180e-02
  2.309900e+00   3.135160e-01   3.236170e-02
  2.312640e+00   3.618680e-01   3.245100e-02
  2.315370e+00   2.972410e-01   3.192620e-02
  2.318100e+00   3.239330e-01   3.218690e-02
  2.320840e+00   2.965120e-01   3.218670e-02
  2.323570e+00   3.400120e-01   3.226430e-02
  2.326310e+00   3.504770e-01   3.212180e-02
  2.329040e+00   3.505410e-01   3.224630e-02
  2.331780e+00   2.881880e-01   3.189320e-02
  2.334510e+00   3.357740e-01   3.229970e-02
  2.337240e+00   2.852040e-01   3.185550e-02
  2.339980e+00   2.931840e-01   3.210430e-02
  2.342710e+00   2.978430e-01   3.260220e-02
  2.345450e+00   3.110060e-01   3.231690e-02
  2.348180e+00   3.362150e-01   3.239160e-02
  2.350910e+00   3.361910e-01   3.209860e-02
  2.353650e+00   3.501520e-01   3.229830e-02
  2.356380e+00   3.119890e-01   3.213460e-02
  2.359120e+00   3.317240e-01   3.231200e-02
  2.361850e+00   3.026420e-01   3.227540e-02
  2.364580e+00   3.040860e-01   3.224510e-02
  2.367320e+00   2.652650e-01   3.196540e-02
  2.370050e+00   3.005050e-01   3.216270e-02
  2.372790e+00   3.392540e-01   3.220140e-02
  2.375520e+00   3.017320e-01   3.213660e-02
  2.378250e+00   2.578910e-01   3.218670e-02
  2.380990e+00   3.215840e-01   3.238790e-02
  2.383720e+00   2.776020e-01   3.183520e-02
  2.386460e+00   3.724260e-01   3.250580e-02
  2.389190e+00   2.964150e-01   3.198640e-02
  2.391920e+00   3.387930e-01   3.232650e-02
  2.394660e+00   2.971010e-01   3.223410e-02
  2.397390e+00   3.131880e-01   3.216790e-02
  2.400130e+00   2.857220e-01   3.222750e-02
  2.402860e+00   3.385000e-01   3.232850e-02
  2.405590e+00   2.751760e-01   3.207970e-02
  2.408330e+00   3.405810e-01   3.245700e-02
  2.411060e+00   3.132560e-01   3.195670e-02
  2.413800e+00   2.711390e-01   3.215270e-02
  2.416530e+00   2.951440e-01   3.177570e-02
  2.419260e+00   2.788930e-01   3.184040e-02
  2.422000e+00   2.635280e-01   3.178070e-02
  2.424730e+00   2.907020e-01   3.173460e-02
  2.427470e+00   2.900920e-01   3.216160e-02
  2.430200e+00   2.931680e-01   3.192400e-02
  2.432930e+00   3.148840e-01   3.202290e-02
  2.435670e+00   2.593790e-01   3.189230e-02
  2.438400e+00   2.337970e-01   3.146990e-02
  2.441140e+00   2.981880e-01   3.212930e-02
  2.443870e+00   2.743910e-01   3.198700e-02
  2.446600e+00   2.866480e-01   3.220080e-02
  2.449340e+00   3.034400e-01   3.192500e-02
  2.452070e+00   2.670810e-01   3.193440e-02
  2.454810e+00   2.890180e-01   3.223550e-02
  2.457540e+00   2.717200e-01   3.182030e-02
  2.460280e+00   2.955610e-01   3.187250e-02
  2.463010e+00   2.424300e-01   3.173840e-02
  2.465740e+00   3.252810e-01   3.200750e-02
  2.468480e+00   2.653930e-01   3.180710e-02
  2.471210e+00   2.785360e-01   3.190390e-02
  2.473950e+00   2.991340e-01   3.178750e-02
  2.476680e+00   2.622330e-01   3.204950e-02
  2.479410e+00   3.082440e-01   3.180830e-02
  2.482150e+00   2.765800e-01   3.185720e-02
  2.484880e+00   3.453690e-01   3.196070e-02
  2.487620e+00   2.648760e-01   3.196770e-02
  2.490350e+00   2.828510e-01   3.172070e-02
  2.493080e+00   2.639410e-01   3.150520e-02
  2.495820e+00   2.908420e-01   3.192820e-02
  2.498550e+00   2.295910e-01   3.167410e-02
  2.501290e+00   2.571250e-01   3.159240e-02
  2.504020e+00   2.636810e-01   3.160500e-02
  2.506750e+00   2.879390e-01   3.167030e-02
  2.509490e+00   3.010590e-01   3.182790e-02
  2.512220e+00   2.310750e-01   3.183980e-02
  2.514960e+00   2.550880e-01   3.180260e-02
  2.517690e+00   2.772410e-01   3.154380e-02
  2.520420e+00   2.403010e-01   3.160550e-02
  2.523160e+00   2.567360e-01   3.184530e-02
  2.525890e+00   2.845430e-01   3.168820e-02
  2.528630e+00   2.873780e-01   3.178890e-02
  2.531360e+00   2.822250e-01   3.194550e-02
  2.534090e+00   2.704890e-01   3.150930e-02
  2.536830e+00   3.217240e-01   3.191870e-02
  2.539560e+00   2.783840e-01   3.172740e-02
  2.542300e+00   2.386850e-01   3.181790e-02
  2.545030e+00   2.435450e-01   3.147090e-02
  2.547760e+00   2.818120e-01   3.165590e-02
  2.550500e+00   2.506130e-01   3.192040e-02
  2.553230e+00   2.563910e-01   3.166990e-02
  2.555970e+00   2.796190e-01   3.179000e-02
  2.558700e+00   3.037850e-01   3.155570e-02
  2.561430e+00   2.688370e-01   3.143070e-02
  2.564170e+00   2.377060e-01   3.155730e-02
  2.566900e+00   2.899240e-01   3.144070e-02
  2.569640e+00   2.305530e-01   3.158930e-02
  2.572370e+00   2.273420e-01   3.119960e-02
  2.575100e+00   2.687370e-01   3.157090e-02
  2.577840e+00   2.525140e-01   3.157040e-02
  2.580570e+00   2.320210e-01   3.164030e-02
  2.583310e+00   2.701760e-01   3.502530e-02
  2.586040e+00   2.860590e-01   3.726060e-02
  2.588780e+00   2.578910e-01   3.882330e-02
  2.591510e+00   2.924540e-01   4.029550e-02
  2.594240e+00   2.618080e-01   4.185210e-02
  2.596980e+00   2.890420e-01   4.374060e-02
  2.599710e+00   2.451760e-01   4.505200e-02
  2.602450e+00   2.908940e-01   4.728200e-02
  2.605180e+00   2.361350e-01   4.799910e-02
  2.607910e+00   2.906700e-01   5.018520e-02
  2.610650e+00   2.393540e-01   5.032230e-02
  2.613380e+00   2.145070e-01   5.124770e-02
  2.616120e+00   3.025620e-01   4.204650e-02
  2.618850e+00   2.722410e-01   3.994160e-02
  2.621580e+00   2.533640e-01   3.871160e-02
  2.624320e+00   3.113270e-01   3.832890e-02
  2.627050e+00   3.011670e-01   3.726420e-02
  2.629790e+00   2.419730e-01   3.644950e-02
  2.632520e+00   2.622810e-01   3.541570e-02
  2.635250e+00   3.291500e-01   3.524450e-02
  2.637990e+00   2.779790e-01   3.508310e-02
  2.640720e+00   2.720730e-01   3.496860e-02
  2.643460e+00   2.511710e-01   3.470640e-02
  2.646190e+00   2.208100e-01   3.458470e-02
  2.648920e+00   2.239490e-01   3.433030e-02
  2.651660e+00   2.096070e-01   3.413550e-02
  2.654390e+00   3.006090e-01   3.421440e-02
  2.657130e+00   2.147150e-01   3.423600e-02
  2.659860e+00   2.338570e-01   3.419590e-02
  2.662590e+00   2.972410e-01   3.409640e-02
  2.665330e+00   1.832000e-01   3.390970e-02
  2.668060e+00   2.539370e-01   3.428190e-02
  2.670800e+00   2.171610e-01   3.409910e-02
  2.673530e+00   2.820330e-01   3.405110e-02
  2.676260e+00   2.294030e-01   3.395460e-02
  2.679000e+00   2.345550e-01   3.382770e-02
  2.681730e+00   2.407060e-01   3.356200e-02
  2.684470e+00   2.489330e-01   3.380000e-02
  2.687200e+00   2.452410e-01   3.359260e-02
  2.689930e+00   2.398440e-01   3.401540e-02
  2.692670e+00   3.009860e-01   3.357830e-02
  2.695400e+00   2.235160e-01   3.354610e-02
  2.698140e+00   1.813550e-01   3.327460e-02
  2.700870e+00   2.840340e-01   3.324950e-02
  2.703610e+00   2.326740e-01   3.320920e-02
  2.706340e+00   2.759300e-01   3.307140e-02
  2.709070e+00   2.560950e-01   3.290670e-02
  2.711810e+00   2.697510e-01   3.281790e-02
  2.714540e+00   2.278870e-01   3.258670e-02
  2.717280e+00   2.718520e-01   3.240250e-02
  2.720010e+00   2.027310e-01   3.216880e-02
  2.722740e+00   2.391140e-01   3.183290e-02
  2.725480e+00   2.585610e-01   3.219180e-02
  2.728210e+00   2.732960e-01   3.203840e-02
  2.730950e+00   2.530030e-01   3.214680e-02
  2.733680e+00   1.916840e-01   3.214590e-02
  2.736410e+00   2.232920e-01   3.198880e-02
  2.739150e+00   2.615520e-01   3.213880e-02
  2.741880e+00   2.476420e-01   3.196910e-02
  2.744620e+00   2.463790e-01   3.177670e-02
  2.747350e+00   2.230390e-01   3.195800e-02
  2.750080e+00   1.915160e-01   3.172020e-02
  2.752820e+00   2.458460e-01   3.218690e-02
  2.755550e+00   2.296030e-01   3.201420e-02
  2.758290e+00   2.459820e-01   3.211040e-02
  2.761020e+00   2.676700e-01   3.206520e-02
  2.763750e+00   2.799520e-01   3.230510e-02
  2.766490e+00   2.532720e-01   3.208120e-02
  2.769220e+00   2.021770e-01   3.204080e-02
  2.771960e+00   2.037690e-01   3.149540e-02
  2.774690e+00   2.679550e-01   3.183820e-02
  2.777420e+00   2.403090e-01   3.196600e-02
  2.780160e+00   2.559300e-01   3.173220e-02
  2.782890e+00   2.809740e-01   3.191100e-02
  2.785630e+00   2.163310e-01   3.197560e-02
  2.788360e+00   2.323620e-01   3.176820e-02
  2.791090e+00   2.422210e-01   3.191060e-02
  2.793830e+00   2.404690e-01   3.225840e-02
  2.796560e+00   2.473380e-01   3.189660e-02
  2.799300e+00   2.144150e-01   3.192010e-02
  2.802030e+00   2.956090e-01   3.187360e-02
  2.804760e+00   2.827190e-01   3.206380e-02
  2.807500e+00   2.217200e-01   3.183420e-02
  2.810230e+00   2.577630e-01   3.179390e-02
  2.812970e+00   2.873780e-01   3.200190e-02
  2.815700e+00   2.586690e-01   3.188450e-02
  2.818430e+00   2.151520e-01   3.152940e-02
  2.821170e+00   2.195590e-01   3.159730e-02
  2.823900e+00   2.113030e-01   3.198730e-02
  2.826640e+00   2.392860e-01   3.204330e-02
  2.829370e+00   2.941940e-01   3.179400e-02
  2.832110e+00   2.618040e-01   3.186540e-02
  2.834840e+00   2.219610e-01   3.171380e-02
  2.837570e+00   2.235240e-01   3.169580e-02
  2.840310e+00   2.239620e-01   3.166000e-02
  2.843040e+00   2.612990e-01   3.188720e-02
  2.845780e+00   2.668680e-01   3.192830e-02
  2.848510e+00   2.709220e-01   3.211160e-02
  2.851240e+00   1.737610e-01   3.152380e-02
  2.853980e+00   2.131280e-01   3.134050e-02
  2.856710e+00   2.919250e-01   3.186280e-02
  2.859450e+00   2.462710e-01   3.192900e-02
  2.862180e+00   2.426300e-01   3.195260e-02
  2.864910e+00   3.286090e-01   3.200630e-02
  2.867650e+00   2.235730e-01   3.180800e-02
  2.870380e+00   3.043740e-01   3.189720e-02
  2.873120e+00   2.722410e-01   3.145710e-02
  2.875850e+00   2.421290e-01   3.151550e-02
  2.878580e+00   2.069730e-01   3.167500e-02
  2.881320e+00   2.491620e-01   3.161500e-02
  2.884050e+00   2.662790e-01   3.178550e-02
  2.886790e+00   2.263550e-01   3.152140e-02
  2.889520e+00   2.555170e-01   3.195440e-02
  2.892250e+00   2.776820e-01   3.171550e-02
  2.894990e+00   2.768160e-01   3.176690e-02
  2.897720e+00   2.901720e-01   3.153530e-02
  2.900460e+00   2.023620e-01   3.157920e-02
  2.903190e+00   2.530550e-01   3.149160e-02
  2.905920e+00   2.053890e-01   3.132860e-02
  2.908660e+00   2.635530e-01   3.167880e-02
  2.911390e+00   2.169770e-01   3.156780e-02
  2.914130e+00   2.355730e-01   3.134060e-02
  2.916860e+00   2.293910e-01   3.161480e-02
  2.919590e+00   1.784160e-01   3.143440e-02
  2.922330e+00   2.482960e-01   3.151850e-02
  2.925060e+00   2.555890e-01   3.168700e-02
  2.927800e+00   2.471490e-01   3.163510e-02
  2.930530e+00   2.417240e-01   3.161910e-02
  2.933260e+00   2.589820e-01   3.144770e-02
  2.936000e+00   2.380350e-01   3.153520e-02
  2.938730e+00   2.717680e-01   3.168620e-02
  2.941470e+00   2.895110e-01   3.151870e-02
  2.944200e+00   2.350840e-01   3.148690e-02
  2.946930e+00   2.166680e-01   3.157820e-02
  2.949670e+00   2.277670e-01   3.156720e-02
  2.952400e+00   2.656580e-01   3.182670e-02
  2.955140e+00   2.450440e-01   3.166340e-02
  2.957870e+00   2.550280e-01   3.177950e-02
  2.960610e+00   2.320890e-01   3.133760e-02
  2.963340e+00   2.319730e-01   3.139000e-02
  2.966070e+00   1.943580e-01   3.107760e-02
  2.968810e+00   2.558180e-01   3.160450e-02
  2.971540e+00   2.604530e-01   3.148090e-02
  2.974280e+00   2.886730e-01   3.170710e-02
  2.977010e+00   2.765360e-01   3.187330e-02
  2.979740e+00   2.486930e-01   3.145880e-02
  2.982480e+00   2.582080e-01   3.145640e-02
  2.985210e+00   2.767480e-01   3.154920e-02
  2.987950e+00   2.698880e-01   3.134080e-02
  2.990680e+00   2.286690e-01   3.157380e-02
  2.993410e+00   2.423660e-01   3.132710e-02
  2.996150e+00   2.559420e-01   3.131980e-02
  2.998880e+00   2.560670e-01   3.130180e-02
  3.001620e+00   2.360100e-01   3.136390e-02
  3.004350e+00   2.053370e-01   3.117640e-02
  3.007080e+00   2.857380e-01   3.111750e-02
  3.009820e+00   2.404650e-01   3.147660e-02
  3.012550e+00   2.262430e-01   3.133670e-02
  3.015290e+00   2.431640e-01   3.111560e-02
  3.018020e+00   2.444630e-01   3.130880e-02
  3.020750e+00   2.460060e-01   3.136840e-02
  3.023490e+00   2.413150e-01   3.155030e-02
  3.026220e+00   2.633200e-01   3.106140e-02
  3.028960e+00   2.737850e-01   3.123980e-02
  3.031690e+00   2.340860e-01   3.139230e-02
  3.034420e+00   2.526900e-01   3.135410e-02
  3.037160e+00   2.372610e-01   3.139120e-02
  3.039890e+00   2.749960e-01   3.127790e-02
  3.042630e+00   2.159020e-01   3.129710e-02
  3.045360e+00   3.338090e-01   3.156580e-02
  3.048090e+00   3.099760e-01   3.152920e-02
  3.050830e+00   2.398920e-01   3.136870e-02
  3.053560e+00   2.453410e-01   3.137240e-02
  3.056300e+00   2.512310e-01   3.141900e-02
  3.059030e+00   2.457260e-01   3.108710e-02
  3.061760e+00   2.643460e-01   3.134670e-02
  3.064500e+00   2.181320e-01   3.104580e-02
  3.067230e+00   3.173140e-01   3.147970e-02
  3.069970e+00   2.452530e-01   3.116210e-02
  3.072700e+00   2.321330e-01   3.126490e-02
  3.075430e+00   2.215720e-01   3.126590e-02
  3.078170e+00   2.012630e-01   3.105260e-02
  3.080900e+00   2.541660e-01   3.141050e-02
  3.083640e+00   2.154010e-01   3.094810e-02
  3.086370e+00   2.400240e-01   3.130800e-02
  3.089110e+00   2.557460e-01   3.133340e-02
  3.091840e+00   2.442620e-01   3.149040e-02
  3.094570e+00   2.402890e-01   3.093730e-02
  3.097310e+00   2.690900e-01   3.130810e-02
  3.100040e+00   1.702130e-01   3.090710e-02
  3.102780e+00   2.397550e-01   3.114670e-02
  3.105510e+00   2.354330e-01   3.105800e-02
  3.108240e+00   2.127020e-01   3.133500e-02
  3.110980e+00   2.290060e-01   3.124570e-02
  3.113710e+00   1.885770e-01   3.125220e-02
  3.116450e+00   2.727510e-01   3.119020e-02
  3.119180e+00   2.136290e-01   3.118020e-02
  3.121910e+00   2.078910e-01   3.115420e-02
  3.124650e+00   2.416720e-01   3.114160e-02
  3.127380e+00   3.042780e-01   3.117690e-02
  3.130120e+00   2.510910e-01   3.117740e-02
  3.132850e+00   2.191460e-01   3.115980e-02
  3.135580e+00   2.412910e-01   3.098200e-02
  3.138320e+00   2.809540e-01   3.131310e-02
  3.141050e+00   2.260140e-01   3.100290e-02
  3.143790e+00   2.823460e-01   3.124230e-02
  3.146520e+00   2.901120e-01   3.115750e-02
  3.149250e+00   2.249600e-01   3.102650e-02
  3.151990e+00   2.322810e-01   3.123450e-02
  3.154720e+00   2.751760e-01   3.119290e-02
  3.157460e+00   2.491780e-01   3.092290e-02
  3.160190e+00   2.489900e-01   3.092890e-02
  3.162920e+00   2.562310e-01   3.092950e-02
  3.165660e+00   2.837850e-01   3.113530e-02
  3.168390e+00   2.535530e-01   3.107540e-02
  3.171130e+00   2.688050e-01   3.084950e-02
  3.173860e+00   2.790740e-01   3.115810e-02
  3.176590e+00   2.291380e-01   3.078550e-02
  3.179330e+00   2.359860e-01   3.113030e-02
  3.182060e+00   2.416120e-01   3.098320e-02
  3.184800e+00   2.492620e-01   3.110870e-02
  3.187530e+00   2.641140e-01   3.100980e-02
  3.190260e+00   2.422450e-01   3.079480e-02
  3.193000e+00   2.418810e-01   3.105260e-02
  3.195730e+00   2.451640e-01   3.103190e-02
  3.198470e+00   2.573900e-01   3.098600e-02
  3.201200e+00   2.357740e-01   3.063510e-02
  3.203940e+00   2.646870e-01   3.138280e-02
  3.206670e+00   2.532840e-01   3.104040e-02
  3.209400e+00   2.359940e-01   3.075860e-02
  3.212140e+00   2.444950e-01   3.080850e-02
  3.214870e+00   2.201800e-01   3.066160e-02
  3.217610e+00   2.344150e-01   3.113580e-02
  3.220340e+00   2.696750e-01   3.119230e-02
  3.223070e+00   2.427150e-01   3.068860e-02
  3.225810e+00   2.509260e-01   3.105750e-02
  3.228540e+00   2.333520e-01   3.076240e-02
  3.231280e+00   2.208060e-01   3.097460e-02
  3.234010e+00   2.922940e-01   3.112620e-02
  3.236740e+00   2.066760e-01   3.084270e-02
  3.239480e+00   2.612510e-01   3.095390e-02
  3.242210e+00   2.286690e-01   3.099530e-02
  3.244950e+00   2.745830e-01   3.081050e-02
  3.247680e+00   2.075580e-01   3.099970e-02
  3.250410e+00   2.630510e-01   3.107120e-02
  3.253150e+00   2.231760e-01   3.074820e-02
  3.255880e+00   2.327710e-01   3.104980e-02
  3.258620e+00   2.331280e-01   3.099090e-02
  3.261350e+00   2.490500e-01   3.076690e-02
  3.264080e+00   2.593140e-01   3.099640e-02
  3.266820e+00   2.575020e-01   3.104790e-02
  3.269550e+00   2.311390e-01   3.077500e-02
  3.272290e+00   2.092140e-01   3.073350e-02
  3.275020e+00   2.456980e-01   3.124680e-02
  3.277750e+00   2.285730e-01   3.080340e-02
  3.280490e+00   2.094790e-01   3.083500e-02
  3.283220e+00   2.072850e-01   3.088820e-02
  3.285960e+00   2.093790e-01   3.075810e-02
  3.288690e+00   3.043620e-01   3.081140e-02
  3.291420e+00   2.582720e-01   3.099880e-02
  3.294160e+00   2.758100e-01   3.066630e-02
  3.296890e+00   2.591660e-01   3.072390e-02
  3.299630e+00   2.349680e-01   3.090950e-02
  3.302360e+00   2.557020e-01   3.081300e-02
  3.305090e+00   2.115880e-01   3.069280e-02
  3.307830e+00   2.551320e-01   3.089940e-02
  3.310560e+00   2.378470e-01   3.093980e-02
  3.313300e+00   2.628430e-01   3.083790e-02
  3.316030e+00   2.505770e-01   3.073070e-02
  3.318760e+00   2.769650e-01   3.074720e-02
  3.321500e+00   2.647750e-01   3.091690e-02
  3.324230e+00   2.305370e-01   3.101340e-02
  3.326970e+00   2.934520e-01   3.113070e-02
  3.329700e+00   2.609300e-01   3.105750e-02
  3.332440e+00   2.171450e-01   3.039890e-02
  3.335170e+00   1.977020e-01   3.068680e-02
  3.337900e+00   2.548960e-01   3.109320e-02
  3.340640e+00   2.459300e-01   3.113120e-02
  3.343370e+00   2.555090e-01   3.086720e-02
  3.346110e+00   2.535570e-01   3.073700e-02
  3.348840e+00   1.702850e-01   3.041910e-02
  3.351570e+00   2.224860e-01   3.072630e-02
  3.354310e+00   2.328310e-01   3.081020e-02
  3.357040e+00   2.435200e-01   3.062790e-02
  3.359780e+00   2.460020e-01   3.081600e-02
  3.362510e+00   2.270650e-01   3.058440e-02
  3.365240e+00   2.196750e-01   3.053140e-02
  3.367980e+00   2.423740e-01   3.068090e-02
  3.370710e+00   2.314390e-01   3.091070e-02
  3.373450e+00   2.379030e-01   3.066980e-02
  3.376180e+00   2.001520e-01   3.068300e-02
  3.378910e+00   2.382640e-01   3.045590e-02
  3.381650e+00   2.859980e-01   3.065450e-02
  3.384380e+00   2.591540e-01   3.069370e-02
  3.387120e+00   2.072370e-01   3.049160e-02
  3.389850e+00   2.334560e-01   3.063120e-02
  3.392580e+00   2.282880e-01   3.068990e-02
  3.395320e+00   1.947870e-01   3.065640e-02
  3.398050e+00   2.166280e-01   3.070970e-02
  3.400790e+00   2.830230e-01   3.101100e-02
  3.403520e+00   2.826860e-01   3.082900e-02
  3.406250e+00   2.456940e-01   3.048270e-02
  3.408990e+00   2.707180e-01   3.083410e-02
  3.411720e+00   2.504330e-01   3.064450e-02
  3.414460e+00   2.984960e-01   3.075840e-02
  3.417190e+00   2.251040e-01   3.069770e-02
  3.419920e+00   2.335450e-01   3.068410e-02
  3.422660e+00   2.428950e-01   3.080170e-02
  3.425390e+00   2.455330e-01   3.072380e-02
  3.428130e+00   2.013630e-01   3.068740e-02
  3.430860e+00   2.584920e-01   3.058100e-02
  3.433590e+00   2.347230e-01   3.052260e-02
  3.436330e+00   2.332560e-01   3.048170e-02
  3.439060e+00   2.214230e-01   3.045520e-02
  3.441800e+00   2.268240e-01   3.057940e-02
  3.444530e+00   2.588930e-01   3.055080e-02
  3.447260e+00   2.316440e-01   3.074430e-02
  3.450000e+00   2.167480e-01   3.039610e-02
  3.452730e+00   2.648560e-01   3.072730e-02
  3.455470e+00   2.560870e-01   3.070080e-02
  3.458200e+00   2.350280e-01   3.031480e-02
  3.460940e+00   1.923300e-01   3.050980e-02
  3.463670e+00   1.678350e-01   3.055660e-02
  3.466400e+00   2.472530e-01   3.074370e-02
  3.469140e+00   2.565880e-01   3.059280e-02
  3.471870e+00   2.031760e-01   3.090070e-02
  3.474610e+00   2.396150e-01   3.044850e-02
  3.477340e+00   2.818080e-01   3.053860e-02
  3.480070e+00   2.705010e-01   3.044840e-02
  3.482810e+00   1.858700e-01   3.039190e-02
  3.485540e+00   2.522570e-01   3.042770e-02
  3.488280e+00   2.231360e-01   3.051680e-02
  3.491010e+00   2.355010e-01   3.029040e-02
  3.493740e+00   2.177950e-01   3.050120e-02
  3.496480e+00   2.646390e-01   3.057830e-02
  3.499210e+00   2.022210e-01   3.038720e-02
  3.501950e+00   1.860340e-01   3.049080e-02
  3.504680e+00   2.160830e-01   3.062990e-02
  3.507410e+00   2.596910e-01   3.070650e-02
  3.510150e+00   2.312510e-01   3.056120e-02
  3.512880e+00   2.150640e-01   3.031620e-02
  3.515620e+00   2.472610e-01   3.039630e-02
  3.518350e+00   2.492340e-01   3.045350e-02
  3.521080e+00   2.601240e-01   3.072950e-02
  3.523820e+00   2.361070e-01   3.037380e-02
  3.526550e+00   2.504570e-01   3.060890e-02
  3.529290e+00   2.278350e-01   3.053860e-02
  3.532020e+00   2.242580e-01   3.048960e-02
  3.534750e+00   2.305610e-01   3.042730e-02
  3.537490e+00   1.899800e-01   3.039080e-02
  3.540220e+00   2.158380e-01   3.031930e-02
  3.542960e+00   2.308900e-01   3.052820e-02
  3.545690e+00   2.081720e-01   3.023850e-02
  3.548420e+00   2.320970e-01   3.035370e-02
  3.551160e+00   2.220370e-01   3.061370e-02
  3.553890e+00   2.337250e-01   3.036180e-02
  3.556630e+00   2.515880e-01   3.044040e-02
  3.559360e+00   2.273820e-01   3.045780e-02
  3.562090e+00   2.052040e-01   3.043180e-02
  3.564830e+00   2.519730e-01   3.053780e-02
  3.567560e+00   2.554730e-01   3.054700e-02
  3.570300e+00   2.811230e-01   3.031250e-02
  3.573030e+00   2.302290e-01   3.027980e-02
  3.575770e+00   1.541140e-01   2.985800e-02
  3.578500e+00   2.329230e-01   3.041730e-02
  3.581230e+00   2.338290e-01   3.060330e-02
  3.583970e+00   2.482720e-01   3.051880e-02
  3.586700e+00   2.436930e-01   3.038820e-02
  3.589440e+00   2.527550e-01   3.032180e-02
  3.592170e+00   1.676620e-01   3.040440e-02
  3.594900e+00   1.587570e-01   3.011620e-02
  3.597640e+00   2.383360e-01   3.057310e-02
  3.600370e+00   2.513270e-01   3.039850e-02
  3.603110e+00   1.830790e-01   3.013090e-02
  3.605840e+00   2.138130e-01   3.018220e-02
  3.608570e+00   2.274380e-01   3.018210e-02
  3.611310e+00   2.605570e-01   3.041930e-02
  3.614040e+00   2.044510e-01   3.010660e-02
  3.616780e+00   2.540780e-01   3.025410e-02
  3.619510e+00   1.992980e-01   3.035880e-02
  3.622240e+00   1.998160e-01   3.015630e-02
  3.624980e+00   2.517920e-01   3.044070e-02
  3.627710e+00   1.790580e-01   3.010850e-02
  3.630450e+00   2.365320e-01   3.005090e-02
  3.633180e+00   2.700200e-01   3.057910e-02
  3.635910e+00   2.053490e-01   3.021700e-02
  3.638650e+00   2.157860e-01   3.023920e-02
  3.641380e+00   2.498440e-01   3.056030e-02
  3.644120e+00   2.151240e-01   3.038010e-02
  3.646850e+00   1.884440e-01   3.016520e-02
  3.649580e+00   2.250960e-01   3.024560e-02
  3.652320e+00   2.368810e-01   3.037690e-02
  3.655050e+00   2.396430e-01   3.032720e-02
  3.657790e+00   1.851120e-01   3.032420e-02
  3.660520e+00   2.384400e-01   3.030310e-02
  3.663250e+00   1.897630e-01   3.018610e-02
  3.665990e+00   2.128270e-01   3.048940e-02
  3.668720e+00   1.949920e-01   3.023170e-02
  3.671460e+00   2.322690e-01   3.022500e-02
  3.674190e+00   2.115680e-01   3.019950e-02
  3.676920e+00   2.159020e-01   3.020620e-02
  3.679660e+00   2.727020e-01   3.036620e-02
  3.682390e+00   2.248960e-01   3.033960e-02
  3.685130e+00   2.271370e-01   3.010250e-02
  3.687860e+00   1.940820e-01   3.007960e-02
  3.690590e+00   2.261230e-01   3.027910e-02
  3.693330e+00   2.015560e-01   3.022520e-02
  3.696060e+00   2.084320e-01   3.054900e-02
  3.698800e+00   1.879950e-01   3.013610e-02
  3.701530e+00   2.370610e-01   3.017990e-02
  3.704270e+00   2.268080e-01   3.001740e-02
  3.707000e+00   2.273340e-01   3.014170e-02
  3.709730e+00   1.758180e-01   3.043700e-02
  3.712470e+00   2.285850e-01   3.034960e-02
  3.715200e+00   2.508460e-01   3.019280e-02
  3.717940e+00   2.167640e-01   3.018950e-02
  3.720670e+00   1.879750e-01   3.018350e-02
  3.723400e+00   1.597670e-01   3.022870e-02
  3.726140e+00   1.960470e-01   3.027250e-02
  3.728870e+00   1.821090e-01   3.024450e-02
  3.731610e+00   2.324420e-01   3.030620e-02
  3.734340e+00   1.971730e-01   2.995890e-02
  3.737070e+00   1.891820e-01   3.009840e-02
  3.739810e+00   2.226740e-01   3.013770e-02
  3.742540e+00   1.905730e-01   3.024770e-02
  3.745280e+00   2.525860e-01   3.011180e-02
  3.748010e+00   2.466080e-01   3.010330e-02
  3.750740e+00   2.229270e-01   3.022560e-02
  3.753480e+00   2.229630e-01   3.017140e-02
  3.756210e+00   2.163790e-01   3.020430e-02
  3.758950e+00   1.455450e-01   3.012870e-02
  3.761680e+00   1.967120e-01   3.040670e-02
  3.764410e+00   2.108140e-01   3.018910e-02
  3.767150e+00   1.938210e-01   3.045130e-02
  3.769880e+00   2.402090e-01   3.043070e-02
  3.772620e+00   2.059260e-01   2.987560e-02
  3.775350e+00   1.949160e-01   3.002540e-02
  3.778080e+00   2.226740e-01   3.031670e-02
  3.780820e+00   2.070690e-01   3.014100e-02
  3.783550e+00   1.542300e-01   3.021000e-02
  3.786290e+00   2.370970e-01   3.033020e-02
  3.789020e+00   2.663430e-01   3.029950e-02
  3.791750e+00   1.955610e-01   2.992400e-02
  3.794490e+00   2.054690e-01   3.021290e-02
  3.797220e+00   2.033240e-01   3.015950e-02
  3.799960e+00   2.441820e-01   3.020840e-02
  3.802690e+00   2.254050e-01   3.029110e-02
  3.805420e+00   1.690260e-01   2.979870e-02
  3.808160e+00   2.175020e-01   3.026750e-02
  3.810890e+00   1.872690e-01   3.028190e-02
  3.813630e+00   2.131070e-01   3.000490e-02
  3.816360e+00   2.345750e-01   3.019570e-02
  3.819090e+00   1.736610e-01   2.957050e-02
  3.821830e+00   1.509820e-01   3.031250e-02
  3.824560e+00   1.733280e-01   2.995650e-02
  3.827300e+00   2.011790e-01   3.004340e-02
  3.830030e+00   2.217200e-01   3.003090e-02
  3.832770e+00   1.553330e-01   3.014720e-02
  3.835500e+00   1.876020e-01   3.028740e-02
  3.838230e+00   2.099000e-01   3.012320e-02
  3.840970e+00   1.964600e-01   2.994870e-02
  3.843700e+00   2.229190e-01   3.031290e-02
  3.846440e+00   2.047830e-01   2.990790e-02
  3.849170e+00   2.505210e-01   3.034400e-02
  3.851900e+00   1.956210e-01   2.974880e-02
  3.854640e+00   1.643830e-01   3.012500e-02
  3.857370e+00   2.546550e-01   3.049070e-02
  3.860110e+00   2.201560e-01   3.026550e-02
  3.862840e+00   1.867240e-01   2.984600e-02
  3.865570e+00   2.427310e-01   3.010320e-02
  3.868310e+00   1.953010e-01   3.004430e-02
  3.871040e+00   2.363870e-01   3.005660e-02
  3.873780e+00   1.809820e-01   2.987330e-02
  3.876510e+00   2.059980e-01   3.009700e-02
  3.879240e+00   2.354810e-01   2.994480e-02
  3.881980e+00   1.967520e-01   3.033780e-02
  3.884710e+00   1.514150e-01   2.985480e-02
  3.887450e+00   2.318160e-01   3.002380e-02
  3.890180e+00   1.665160e-01   3.002800e-02
  3.892910e+00   1.600200e-01   2.998430e-02
  3.895650e+00   2.064110e-01   3.011030e-02
  3.898380e+00   2.416240e-01   2.994300e-02
  3.901120e+00   2.590460e-01   3.014690e-02
  3.903850e+00   2.115160e-01   2.991860e-02
  3.906580e+00   2.143620e-01   3.000880e-02
  3.909320e+00   2.412550e-01   3.011300e-02
  3.912050e+00   1.809620e-01   3.001690e-02
  3.914790e+00   1.776380e-01   3.023610e-02
  3.917520e+00   2.056860e-01   3.016120e-02
  3.920250e+00   1.879830e-01   2.997700e-02
  3.922990e+00   1.887170e-01   2.988090e-02
  3.925720e+00   2.167520e-01   2.991340e-02
  3.928460e+00   1.664680e-01   2.980790e-02
  3.931190e+00   1.636850e-01   2.975960e-02
  3.933920e+00   2.207620e-01   2.985970e-02
  3.936660e+00   2.483560e-01   3.484990e-02
  3.939390e+00   2.029310e-01   3.702960e-02
  3.942130e+00   2.069970e-01   3.830110e-02
  3.944860e+00   2.037530e-01   4.138310e-02
  3.947590e+00   1.529670e-01   4.423640e-02
  3.950330e+00   1.058380e-01   4.642520e-02
  3.953060e+00   2.701280e-01   4.851210e-02
  3.955800e+00   1.812350e-01   4.918930e-02
  3.958530e+00   2.575620e-01   5.195950e-02
  3.961270e+00   2.245230e-01   5.369930e-02
  3.964000e+00   2.061710e-01   3.985480e-02
  3.966730e+00   2.161350e-01   3.758740e-02
  3.969470e+00   2.248320e-01   3.609180e-02
  3.972200e+00   2.689170e-01   3.535260e-02
  3.974940e+00   1.446270e-01   3.402160e-02
  3.977670e+00   2.273580e-01   3.389790e-02
  3.980400e+00   1.365600e-01   3.341140e-02
  3.983140e+00   1.829990e-01   3.339940e-02
  3.985870e+00   1.543100e-01   3.312210e-02
  3.988610e+00   1.924220e-01   3.303130e-02
  3.991340e+00   2.257380e-01   3.287590e-02
  3.994070e+00   2.606460e-01   3.286090e-02
  3.996810e+00   2.020530e-01   3.253010e-02
  3.999540e+00   1.827110e-01   3.272580e-02
  4.002280e+00   1.777950e-01   3.284990e-02
  4.005010e+00   2.492900e-01   3.282240e-02
  4.007740e+00   1.896470e-01   3.243980e-02
  4.010480e+00   2.129230e-01   3.200310e-02
  4.013210e+00   1.909380e-01   3.168190e-02
  4.015950e+00   2.207140e-01   3.145510e-02
  4.018680e+00   2.258740e-01   3.143780e-02
  4.021410e+00   1.733280e-01   3.091320e-02
  4.024150e+00   1.722450e-01   3.088400e-02
  4.026880e+00   2.196390e-01   3.070780e-02
  4.029620e+00   1.829830e-01   3.032550e-02
  4.032350e+00   2.165560e-01   3.035450e-02
  4.035080e+00   2.170410e-01   3.022930e-02
  4.037820e+00   1.783800e-01   3.012000e-02
  4.040550e+00   2.139860e-01   3.023320e-02
  4.043290e+00   2.212030e-01   3.013720e-02
  4.046020e+00   2.247430e-01   2.995810e-02
  4.048750e+00   1.698920e-01   3.021130e-02
  4.051490e+00   2.219290e-01   3.012850e-02
  4.054220e+00   2.155810e-01   3.018100e-02
  4.056960e+00   2.345830e-01   3.014370e-02
  4.059690e+00   1.838330e-01   2.986480e-02
  4.062420e+00   2.397870e-01   3.030560e-02
  4.065160e+00   2.229830e-01   3.004010e-02
  4.067890e+00   2.091740e-01   2.989290e-02
  4.070630e+00   2.242860e-01   2.991290e-02
  4.073360e+00   2.385040e-01   3.001670e-02
  4.076100e+00   1.791340e-01   3.000260e-02
  4.078830e+00   2.023460e-01   3.013680e-02
  4.081560e+00   1.932000e-01   2.999870e-02
  4.084300e+00   1.326180e-01   3.003540e-02
  4.087030e+00   1.687210e-01   2.978440e-02
  4.089770e+00   1.729150e-01   2.991520e-02
  4.092500e+00   1.902890e-01   3.012520e-02
  4.095230e+00   1.837010e-01   3.005570e-02
  4.097970e+00   1.325820e-01   2.949250e-02
  4.100700e+00   2.245750e-01   3.002420e-02
  4.103440e+00   2.245790e-01   3.002070e-02
  4.106170e+00   2.189330e-01   2.980720e-02
  4.108900e+00   2.188690e-01   2.973520e-02
  4.111640e+00   2.035530e-01   2.989680e-02
  4.114370e+00   2.097960e-01   2.999100e-02
  4.117110e+00   1.819810e-01   2.992420e-02
  4.119840e+00   2.007020e-01   2.989530e-02
  4.122570e+00   1.841340e-01   2.969020e-02
  4.125310e+00   1.905850e-01   2.959520e-02
  4.128040e+00   2.242300e-01   3.012470e-02
  4.130780e+00   2.125380e-01   2.982410e-02
  4.133510e+00   2.218240e-01   2.979010e-02
  4.136240e+00   1.859980e-01   2.975760e-02
  4.138980e+00   2.003850e-01   2.988170e-02
  4.141710e+00   1.861110e-01   2.998160e-02
  4.144450e+00   2.204850e-01   2.996460e-02
  4.147180e+00   1.777550e-01   2.974750e-02
  4.149910e+00   1.693620e-01   2.963500e-02
  4.152650e+00   1.936210e-01   2.984940e-02
  4.155380e+00   1.620210e-01   2.981900e-02
  4.158120e+00   1.929590e-01   2.978890e-02
  4.160850e+00   1.900400e-01   2.969790e-02
  4.163580e+00   1.768600e-01   2.964040e-02
  4.166320e+00   1.941180e-01   2.984210e-02
  4.169050e+00   1.771410e-01   2.944150e-02
  4.171790e+00   2.075660e-01   2.981300e-02
  4.174520e+00   1.565440e-01   2.961550e-02
  4.177250e+00   1.824620e-01   2.964180e-02
  4.179990e+00   1.917720e-01   2.977530e-02
  4.182720e+00   2.080150e-01   2.970990e-02
  4.185460e+00   1.779670e-01   2.994500e-02
  4.188190e+00   2.338770e-01   2.981420e-02
  4.190920e+00   1.780150e-01   2.976080e-02
  4.193660e+00   1.594950e-01   2.954240e-02
  4.196390e+00   1.724100e-01   3.002520e-02
  4.199130e+00   1.779630e-01   2.966400e-02
  4.201860e+00   1.772250e-01   2.975630e-02
  4.204600e+00   1.828310e-01   2.959070e-02
  4.207330e+00   1.698480e-01   2.957160e-02
  4.210060e+00   1.893870e-01   2.955860e-02
  4.212800e+00   2.285570e-01   2.973980e-02
  4.215530e+00   1.926580e-01   2.976010e-02
  4.218270e+00   1.660180e-01   2.958120e-02
  4.221000e+00   2.207380e-01   2.972560e-02
  4.223730e+00   1.697590e-01   2.958770e-02
  4.226470e+00   2.142540e-01   2.949890e-02
  4.229200e+00   2.278750e-01   2.980670e-02
  4.231940e+00   1.635650e-01   2.926410e-02
  4.234670e+00   1.684520e-01   2.965790e-02
  4.237400e+00   2.682520e-01   2.966000e-02
  4.240140e+00   1.916800e-01   2.941330e-02
  4.242870e+00   1.863830e-01   2.952720e-02
  4.245610e+00   2.130230e-01   2.956070e-02
  4.248340e+00   1.526820e-01   2.945690e-02
  4.251070e+00   1.384920e-01   2.930320e-02
  4.253810e+00   1.663710e-01   2.945100e-02
  4.256540e+00   1.329190e-01   2.930580e-02
  4.259280e+00   1.851880e-01   2.968280e-02
  4.262010e+00   2.003250e-01   2.957350e-02
  4.264740e+00   1.980910e-01   2.943250e-02
  4.267480e+00   1.944510e-01   2.941600e-02
  4.270210e+00   1.818320e-01   2.965270e-02
  4.272950e+00   1.670210e-01   2.937540e-02
  4.275680e+00   1.629590e-01   2.958830e-02
  4.278410e+00   2.398920e-01   2.978620e-02
  4.281150e+00   1.856170e-01   2.959680e-02
  4.283880e+00   1.533200e-01   2.909130e-02
  4.286620e+00   1.618890e-01   2.924330e-02
  4.289350e+00   1.888490e-01   2.940150e-02
  4.292080e+00   1.753370e-01   2.932130e-02
  4.294820e+00   1.789290e-01   2.922070e-02
  4.297550e+00   1.709140e-01   2.927690e-02
  4.300290e+00   1.649560e-01   2.942590e-02
  4.303020e+00   1.827790e-01   2.917420e-02
  4.305750e+00   1.754130e-01   2.915660e-02
  4.308490e+00   1.647960e-01   2.924890e-02
  4.311220e+00   1.951960e-01   2.919660e-02
  4.313960e+00   1.799720e-01   2.948530e-02
  4.316690e+00   2.014390e-01   2.959200e-02
  4.319420e+00   1.753170e-01   2.929970e-02
  4.322160e+00   2.175100e-01   2.956870e-02
  4.324890e+00   2.184440e-01   2.940400e-02
  4.327630e+00   1.701040e-01   2.941260e-02
  4.330360e+00   2.452170e-01   2.926460e-02
  4.333100e+00   1.951600e-01   2.952290e-02
  4.335830e+00   2.205450e-01   2.951020e-02
  4.338560e+00   1.656340e-01   2.913900e-02
  4.341300e+00   2.153650e-01   2.926380e-02
  4.344030e+00   1.615280e-01   2.920720e-02
  4.346770e+00   1.845470e-01   2.918850e-02
  4.349500e+00   1.832280e-01   2.942200e-02
  4.352230e+00   1.059860e-01   2.904400e-02
  4.354970e+00   1.921650e-01   2.903450e-02
  4.357700e+00   1.983240e-01   2.910980e-02
  4.360440e+00   1.916640e-01   2.926230e-02
  4.363170e+00   1.984520e-01   2.942720e-02
  4.365900e+00   2.141860e-01   2.919560e-02
  4.368640e+00   2.395230e-01   2.941600e-02
  4.371370e+00   2.162550e-01   2.924720e-02
  4.374110e+00   1.424020e-01   2.910930e-02
  4.376840e+00   2.123940e-01   2.930470e-02
  4.379570e+00   1.892780e-01   2.925920e-02
  4.382310e+00   1.703530e-01   2.928650e-02
  4.385040e+00   1.843740e-01   2.949020e-02
  4.387780e+00   1.679990e-01   2.912640e-02
  4.390510e+00   2.041260e-01   2.902010e-02
  4.393240e+00   1.919570e-01   2.906600e-02
  4.395980e+00   1.755810e-01   2.923020e-02
  4.398710e+00   1.636050e-01   2.874320e-02
  4.401450e+00   1.540220e-01   2.891860e-02
  4.404180e+00   1.808180e-01   2.921850e-02
  4.406910e+00   2.181150e-01   2.932800e-02
  4.409650e+00   1.521890e-01   2.926760e-02
  4.412380e+00   1.767040e-01   2.917100e-02
  4.415120e+00   1.565640e-01   2.891820e-02
  4.417850e+00   1.413590e-01   2.896340e-02
  4.420580e+00   1.781150e-01   2.906370e-02
  4.423320e+00   1.552730e-01   2.925840e-02
  4.426050e+00   2.112510e-01   2.927020e-02
  4.428790e+00   2.012310e-01   2.892010e-02
  4.431520e+00   1.659900e-01   2.885630e-02
  4.434250e+00   1.516800e-01   2.886830e-02
  4.436990e+00   1.426500e-01   2.887890e-02
  4.439720e+00   1.812550e-01   2.903220e-02
  4.442460e+00   2.001600e-01   2.907630e-02
  4.445190e+00   2.148640e-01   2.913420e-02
  4.447920e+00   1.665000e-01   2.855300e-02
  4.450660e+00   1.504850e-01   2.931310e-02
  4.453390e+00   1.664470e-01   2.907610e-02
  4.456130e+00   1.659620e-01   2.897970e-02
  4.458860e+00   1.738210e-01   2.881660e-02
  4.461600e+00   1.641740e-01   2.884630e-02
  4.464330e+00   2.367760e-01   2.904010e-02
  4.467060e+00   1.935490e-01   2.888820e-02
  4.469800e+00   1.653410e-01   2.870510e-02
  4.472530e+00   1.679270e-01   2.890580e-02
  4.475270e+00   1.558540e-01   2.884970e-02
  4.478000e+00   1.938290e-01   2.892400e-02
  4.480730e+00   1.388410e-01   2.876520e-02
  4.483470e+00   1.804010e-01   2.905800e-02
  4.486200e+00   1.854370e-01   2.899120e-02
  4.488940e+00   1.443870e-01   2.879950e-02
  4.491670e+00   1.415920e-01   2.864290e-02
  4.494400e+00   1.494430e-01   2.907340e-02
  4.497140e+00   1.890540e-01   2.897640e-02
  4.499870e+00   1.723900e-01   2.907090e-02
  4.502610e+00   2.024500e-01   2.914360e-02
  4.505340e+00   1.724260e-01   2.878620e-02
  4.508070e+00   1.695750e-01   2.913260e-02
  4.510810e+00   2.142620e-01   2.913810e-02
  4.513540e+00   1.461870e-01   2.899620e-02
  4.516280e+00   2.150040e-01   2.864970e-02
  4.519010e+00   1.723460e-01   2.898300e-02
  4.521740e+00   2.094630e-01   2.902570e-02
  4.524480e+00   2.063390e-01   2.889400e-02
  4.527210e+00   2.063670e-01   2.921120e-02
  4.529950e+00   2.167200e-01   2.919100e-02
  4.532680e+00   1.723620e-01   2.863630e-02
  4.535410e+00   1.913470e-01   2.920160e-02
  4.538150e+00   2.194390e-01   2.888360e-02
  4.540880e+00   2.040100e-01   2.905030e-02
  4.543620e+00   1.754130e-01   2.875170e-02
  4.546350e+00   1.890740e-01   2.919760e-02
  4.549080e+00   2.171370e-01   2.876430e-02
  4.551820e+00   1.770370e-01   2.897890e-02
  4.554550e+00   2.115440e-01   2.874530e-02
  4.557290e+00   1.894670e-01   2.901700e-02
  4.560020e+00   1.611870e-01   2.879030e-02
  4.562750e+00   1.677910e-01   2.915340e-02
  4.565490e+00   2.131880e-01   2.897230e-02
  4.568220e+00   1.771610e-01   2.874590e-02
  4.570960e+00   2.058580e-01   2.881060e-02
  4.573690e+00   1.855330e-01   2.886900e-02
  4.576430e+00   1.745270e-01   2.893500e-02
  4.579160e+00   1.728910e-01   2.897480e-02
  4.581890e+00   1.925180e-01   2.893970e-02
  4.584630e+00   1.749160e-01   2.901860e-02
  4.587360e+00   1.394390e-01   2.875380e-02
  4.590100e+00   1.854490e-01   2.916510e-02
  4.592830e+00   1.913070e-01   2.921150e-02
  4.595560e+00   1.776300e-01   2.900400e-02
  4.598300e+00   1.712350e-01   2.903170e-02
  4.601030e+00   1.894470e-01   2.899680e-02
  4.603770e+00   2.037810e-01   2.900670e-02
  4.606500e+00   1.751840e-01   2.887960e-02
  4.609230e+00   2.002210e-01   2.888700e-02
  4.611970e+00   1.577590e-01   2.888370e-02
  4.614700e+00   1.964680e-01   2.889260e-02
  4.617440e+00   1.809540e-01   2.884650e-02
  4.620170e+00   1.665880e-01   2.868530e-02
  4.622900e+00   1.844990e-01   2.885310e-02
  4.625640e+00   1.737530e-01   2.870960e-02
  4.628370e+00   1.564390e-01   2.895040e-02
  4.631110e+00   1.878750e-01   2.894090e-02
  4.633840e+00   1.658380e-01   2.900360e-02
  4.636570e+00   1.382480e-01   2.877840e-02
  4.639310e+00   1.711670e-01   2.858650e-02
  4.642040e+00   1.291460e-01   2.851720e-02
  4.644780e+00   1.937690e-01   2.868790e-02
  4.647510e+00   1.728430e-01   2.879980e-02
  4.650240e+00   1.808380e-01   2.871130e-02
  4.652980e+00   1.584240e-01   2.855510e-02
  4.655710e+00   2.308260e-01   2.879200e-02
  4.658450e+00   2.189820e-01   2.899370e-02
  4.661180e+00   2.107460e-01   2.893600e-02
  4.663910e+00   1.693340e-01   2.843150e-02
  4.666650e+00   1.679990e-01   2.838140e-02
  4.669380e+00   1.675020e-01   2.842320e-02
  4.672120e+00   1.717320e-01   2.873270e-02
  4.674850e+00   2.245510e-01   2.852790e-02
  4.677580e+00   2.347390e-01   2.873160e-02
  4.680320e+00   1.963950e-01   2.881250e-02
  4.683050e+00   1.772050e-01   2.866140e-02
  4.685790e+00   1.688890e-01   2.852270e-02
  4.688520e+00   2.176940e-01   2.873800e-02
  4.691250e+00   1.483760e-01   2.853850e-02
  4.693990e+00   1.823540e-01   2.878060e-02
  4.696720e+00   2.032440e-01   2.893100e-02
  4.699460e+00   1.685400e-01   2.865320e-02
  4.702190e+00   2.161150e-01   2.889430e-02
  4.704930e+00   1.623860e-01   2.879570e-02
  4.707660e+00   2.249560e-01   2.895120e-02
  4.710390e+00   1.861110e-01   2.856580e-02
  4.713130e+00   1.628470e-01   2.880120e-02
  4.715860e+00   2.326100e-01   2.872820e-02
  4.718600e+00   2.532200e-01   2.907940e-02
  4.721330e+00   1.938450e-01   2.899510e-02
  4.724060e+00   2.223420e-01   2.892260e-02
  4.726800e+00   1.811470e-01   2.874720e-02
  4.729530e+00   2.436770e-01   2.892150e-02
  4.732270e+00   1.999440e-01   2.895620e-02
  4.735000e+00   1.817360e-01   2.899990e-02
  4.737730e+00   1.722730e-01   2.863540e-02
  4.740470e+00   2.213790e-01   2.893720e-02
  4.743200e+00   1.840500e-01   2.922980e-02
  4.745940e+00   1.852040e-01   2.884360e-02
  4.748670e+00   1.891180e-01   2.867480e-02
  4.751400e+00   2.212030e-01   2.893030e-02
  4.754140e+00   2.322170e-01   2.885170e-02
  4.756870e+00   1.738810e-01   2.878000e-02
  4.759610e+00   2.052250e-01   2.896650e-02
  4.762340e+00   1.903690e-01   2.877990e-02
  4.765070e+00   1.992780e-01   2.873000e-02
  4.767810e+00   1.694430e-01   2.870350e-02
  4.770540e+00   1.697590e-01   2.913270e-02
  4.773280e+00   1.680470e-01   2.861690e-02
  4.776010e+00   1.476460e-01   2.898920e-02
  4.778740e+00   2.232400e-01   2.899460e-02
  4.781480e+00   2.310380e-01   2.879460e-02
  4.784210e+00   1.612070e-01   2.877160e-02
  4.786950e+00   1.638570e-01   2.869340e-02
  4.789680e+00   1.905050e-01   2.896870e-02
  4.792410e+00   1.993910e-01   2.873440e-02
  4.795150e+00   1.949760e-01   2.879220e-02
  4.797880e+00   2.203290e-01   2.900270e-02
  4.800620e+00   1.985770e-01   2.864390e-02
  4.803350e+00   1.923780e-01   2.879520e-02
  4.806080e+00   1.664510e-01   2.884690e-02
  4.808820e+00   2.407380e-01   2.856630e-02
  4.811550e+00   1.880110e-01   2.866150e-02
  4.814290e+00   2.124940e-01   2.862020e-02
  4.817020e+00   1.788010e-01   2.860650e-02
  4.819750e+00   1.575060e-01   2.873790e-02
  4.822490e+00   1.802370e-01   2.885310e-02
  4.825220e+00   1.544590e-01   2.863320e-02
  4.827960e+00   2.072770e-01   2.920630e-02
  4.830690e+00   2.085930e-01   2.878050e-02
  4.833430e+00   1.714960e-01   2.853480e-02
  4.836160e+00   1.816160e-01   2.862390e-02
  4.838890e+00   1.912190e-01   2.882790e-02
  4.841630e+00   1.941580e-01   2.899120e-02
  4.844360e+00   1.922330e-01   2.862440e-02
  4.847100e+00   2.075820e-01   2.866720e-02
  4.849830e+00   1.978230e-01   2.871800e-02
  4.852560e+00   2.008380e-01   2.831950e-02
  4.855300e+00   2.296190e-01   2.905680e-02
  4.858030e+00   1.678230e-01   2.867890e-02
  4.860770e+00   1.344910e-01   2.849540e-02
  4.863500e+00   1.721610e-01   2.881780e-02
  4.866230e+00   2.193740e-01   2.883050e-02
  4.868970e+00   1.938050e-01   2.885620e-02
  4.871700e+00   1.836450e-01   2.867720e-02
  4.874440e+00   1.691460e-01   2.876160e-02
  4.877170e+00   2.212710e-01   2.871610e-02
  4.879900e+00   1.923860e-01   2.878820e-02
  4.882640e+00   1.946950e-01   2.916930e-02
  4.885370e+00   1.630870e-01   2.867310e-02
  4.888110e+00   1.886250e-01   2.887200e-02
  4.890840e+00   2.186250e-01   2.880610e-02
  4.893570e+00   1.581760e-01   2.874380e-02
  4.896310e+00   2.254570e-01   2.883290e-02
  4.899040e+00   2.453690e-01   2.896990e-02
  4.901780e+00   1.839530e-01   2.878810e-02
  4.904510e+00   1.645550e-01   2.847330e-02
  4.907240e+00   1.627630e-01   2.876810e-02
  4.909980e+00   2.496030e-01   2.891710e-02
  4.912710e+00   2.078470e-01   2.857390e-02
  4.915450e+00   1.564840e-01   2.865780e-02
  4.918180e+00   2.331680e-01   2.909260e-02
  4.920910e+00   1.759300e-01   2.879770e-02
  4.923650e+00   1.848200e-01   2.853750e-02
  4.926380e+00   2.495070e-01   2.885100e-02
  4.929120e+00   2.405410e-01   2.879610e-02
  4.931850e+00   2.147390e-01   2.862810e-02
  4.934580e+00   1.911510e-01   2.857330e-02
  4.937320e+00   1.754890e-01   2.873930e-02
  4.940050e+00   2.021530e-01   2.893810e-02
  4.942790e+00   2.226340e-01   2.884960e-02
  4.945520e+00   1.814720e-01   2.867730e-02
  4.948250e+00   2.027270e-01   2.890140e-02
  4.950990e+00   2.299920e-01   2.886630e-02
  4.953720e+00   2.036770e-01   2.869970e-02
  4.956460e+00   1.836010e-01   2.848820e-02
  4.959190e+00   2.491140e-01   2.865240e-02
  4.961930e+00   2.262430e-01   2.900110e-02
  4.964660e+00   2.067880e-01   2.853770e-02
  4.967390e+00   1.918930e-01   2.882600e-02
  4.970130e+00   1.953330e-01   2.872830e-02
  4.972860e+00   2.028430e-01   2.883080e-02
  4.975600e+00   1.363710e-01   2.841490e-02
  4.978330e+00   2.211390e-01   2.874100e-02
  4.981060e+00   1.630110e-01   2.873020e-02
  4.983800e+00   1.522940e-01   2.868180e-02
  4.986530e+00   1.998680e-01   2.892240e-02
  4.989270e+00   2.061470e-01   2.866900e-02
  4.992000e+00   1.815880e-01   2.867090e-02
  4.994730e+00   1.514960e-01   2.865490e-02
  4.997470e+00   1.647960e-01   2.881930e-02
  5.000200e+00   1.600840e-01   2.839190e-02
  5.002940e+00   2.223780e-01   2.911680e-02
  5.005670e+00   2.266360e-01   2.886890e-02
  5.008400e+00   1.894510e-01   2.867790e-02
  5.011140e+00   2.031520e-01   2.868940e-02
  5.013870e+00   1.818400e-01   2.853540e-02
  5.016610e+00   2.102850e-01   2.881090e-02
  5.019340e+00   2.063910e-01   2.868600e-02
  5.022070e+00   1.921490e-01   2.872420e-02
  5.024810e+00   2.243660e-01   2.885530e-02
  5.027540e+00   1.772850e-01   2.884460e-02
  5.030280e+00   2.036650e-01   2.885870e-02
  5.033010e+00   1.480830e-01   2.871050e-02
  5.035740e+00   1.961590e-01   2.861420e-02
  5.038480e+00   1.797630e-01   2.842850e-02
  5.041210e+00   1.986170e-01   2.881020e-02
  5.043950e+00   2.436290e-01   2.905570e-02
  5.046680e+00   1.884320e-01   2.854170e-02
  5.049410e+00   1.829790e-01   2.875170e-02
  5.052150e+00   1.995230e-01   2.891070e-02
  5.054880e+00   1.499040e-01   2.839950e-02
  5.057620e+00   2.011310e-01   2.874490e-02
  5.060350e+00   2.216040e-01   2.879220e-02
  5.063080e+00   1.565640e-01   2.854610e-02
  5.065820e+00   1.790780e-01   2.874440e-02
  5.068550e+00   1.904130e-01   2.874680e-02
  5.071290e+00   2.165640e-01   2.881210e-02
  5.074020e+00   1.626380e-01   2.880460e-02
  5.076760e+00   1.804610e-01   2.889320e-02
  5.079490e+00   1.694310e-01   2.883940e-02
  5.082220e+00   2.127150e-01   2.886790e-02
  5.084960e+00   1.898240e-01   2.864510e-02
  5.087690e+00   1.968600e-01   2.860520e-02
  5.090430e+00   1.631960e-01   2.864010e-02
  5.093160e+00   1.445270e-01   2.853450e-02
  5.095890e+00   1.641940e-01   2.876680e-02
  5.098630e+00   1.420290e-01   2.831000e-02
  5.101360e+00   2.057980e-01   2.878370e-02
  5.104100e+00   1.576020e-01   2.854110e-02
  5.106830e+00   1.767680e-01   2.890040e-02
  5.109560e+00   1.482880e-01   2.895740e-02
  5.112300e+00   1.962070e-01   2.887280e-02
  5.115030e+00   1.448120e-01   2.863430e-02
  5.117770e+00   1.669890e-01   2.886700e-02
  5.120500e+00   1.798160e-01   2.846000e-02
  5.123230e+00   1.763590e-01   2.849360e-02
  5.125970e+00   2.201800e-01   2.856130e-02
  5.128700e+00   1.820490e-01   2.870360e-02
  5.131440e+00   1.672690e-01   2.862180e-02
  5.134170e+00   1.941580e-01   2.872450e-02
  5.136900e+00   1.760470e-01   2.860780e-02
  5.139640e+00   1.439090e-01   2.883050e-02
  5.142370e+00   1.894030e-01   2.857380e-02
  5.145110e+00   2.075300e-01   2.861980e-02
  5.147840e+00   2.395150e-01   2.913230e-02
  5.150570e+00   1.538170e-01   2.857380e-02
  5.153310e+00   1.823620e-01   2.892850e-02
  5.156040e+00   1.808620e-01   2.897030e-02
  5.158780e+00   1.623740e-01   2.846780e-02
  5.161510e+00   2.152650e-01   2.925670e-02
  5.164240e+00   1.539940e-01   2.843280e-02
  5.166980e+00   1.513790e-01   2.870340e-02
  5.169710e+00   1.860750e-01   2.880440e-02
  5.172450e+00   2.328950e-01   2.889910e-02
  5.175180e+00   1.441300e-01   2.877940e-02
  5.177910e+00   1.731030e-01   2.882140e-02
  5.180650e+00   1.769890e-01   2.873410e-02
  5.183380e+00   1.634000e-01   2.877460e-02
  5.186120e+00   2.102530e-01   2.879370e-02
  5.188850e+00   1.959860e-01   2.882910e-02
  5.191580e+00   1.959620e-01   2.881810e-02
  5.194320e+00   1.333720e-01   2.901800e-02
  5.197050e+00   1.833360e-01   2.928300e-02
  5.199790e+00   2.073140e-01   2.887620e-02
  5.202520e+00   1.655370e-01   2.902150e-02
  5.205260e+00   1.514600e-01   2.862320e-02
  5.207990e+00   1.670810e-01   2.862140e-02
  5.210720e+00   1.814150e-01   2.890200e-02
  5.213460e+00   2.289250e-01   2.916710e-02
  5.216190e+00   1.828270e-01   2.862980e-02
  5.218930e+00   1.763310e-01   2.872680e-02
  5.221660e+00   1.867480e-01   2.874620e-02
  5.224390e+00   1.929550e-01   2.878100e-02
  5.227130e+00   1.691660e-01   2.865930e-02
  5.229860e+00   1.417520e-01   2.856520e-02
  5.232600e+00   2.344270e-01   2.909120e-02
  5.235330e+00   2.108620e-01   2.894330e-02
  5.238060e+00   1.446110e-01   2.874630e-02
  5.240800e+00   1.712390e-01   2.898950e-02
  5.243530e+00   1.632320e-01   2.866940e-02
  5.246270e+00   1.820170e-01   2.890760e-02
  5.249000e+00   1.805530e-01   2.890870e-02
  5.251730e+00   2.369490e-01   2.885370e-02
  5.254470e+00   1.867240e-01   2.874810e-02
  5.257200e+00   1.709900e-01   2.890130e-02
  5.259940e+00   2.080630e-01   2.891060e-02
  5.262670e+00   1.703090e-01   2.878500e-02
  5.265400e+00   1.331640e-01   2.854610e-02
  5.268140e+00   1.590220e-01   2.876710e-02
  5.270870e+00   2.311710e-01   2.922640e-02
  5.273610e+00   1.837130e-01   2.872380e-02
  5.276340e+00   1.884120e-01   2.878810e-02
  5.279070e+00   1.655450e-01   2.879930e-02
  5.281810e+00   1.663790e-01   2.904000e-02
  5.284540e+00   1.249880e-01   2.845020e-02
  5.287280e+00   1.576060e-01   3.401440e-02
  5.290010e+00   2.362230e-01   3.679270e-02
  5.292740e+00   1.864760e-01   3.994410e-02
  5.295480e+00   2.359220e-01   4.361380e-02
  5.298210e+00   1.986410e-01   4.587430e-02
  5.300950e+00   2.588170e-01   4.771250e-02
  5.303680e+00   1.864600e-01   5.059180e-02
  5.306410e+00   1.755250e-01   5.284880e-02
  5.309150e+00   1.598000e-01   5.609000e-02
  5.311880e+00   1.373260e-01   3.783990e-02
  5.314620e+00   1.506660e-01   3.632700e-02
  5.317350e+00   1.628550e-01   3.382610e-02
  5.320080e+00   2.774220e-01   3.309260e-02
  5.322820e+00   2.151040e-01   3.246640e-02
  5.325550e+00   2.009140e-01   3.210870e-02
  5.328290e+00   1.109340e-01   3.190540e-02
  5.331020e+00   2.015160e-01   3.172810e-02
  5.333760e+00   1.383720e-01   3.170330e-02
  5.336490e+00   2.264510e-01   3.147000e-02
  5.339220e+00   1.954330e-01   3.174800e-02
  5.341960e+00   1.036210e-01   3.101470e-02
  5.344690e+00   1.836010e-01   3.095720e-02
  5.347430e+00   1.745630e-01   3.020210e-02
  5.350160e+00   2.261630e-01   2.986580e-02
  5.352890e+00   1.537650e-01   2.965980e-02
  5.355630e+00   1.891140e-01   2.942380e-02
  5.358360e+00   1.427750e-01   2.884220e-02
  5.361100e+00   1.765400e-01   2.889120e-02
  5.363830e+00   2.285240e-01   2.881680e-02
  5.366560e+00   1.394870e-01   2.824100e-02
  5.369300e+00   2.459260e-01   2.871280e-02
  5.372030e+00   1.677190e-01   2.876040e-02
  5.374770e+00   1.277470e-01   2.863890e-02
  5.377500e+00   1.533120e-01   2.851360e-02
  5.380230e+00   1.564880e-01   2.825670e-02
  5.382970e+00   2.204730e-01   2.882990e-02
  5.385700e+00   1.732640e-01   2.879930e-02
  5.388440e+00   1.920930e-01   2.851470e-02
  5.391170e+00   1.816440e-01   2.841490e-02
  5.393900e+00   1.728470e-01   2.864670e-02
  5.396640e+00   1.844870e-01   2.863990e-02
  5.399370e+00   1.708380e-01   2.863660e-02
  5.402110e+00   2.009260e-01   2.860930e-02
  5.404840e+00   1.462790e-01   2.857080e-02
  5.407570e+00   1.702970e-01   2.861380e-02
  5.410310e+00   1.671890e-01   2.859700e-02
  5.413040e+00   1.766200e-01   2.876600e-02
  5.415780e+00   1.860470e-01   2.860820e-02
  5.418510e+00   1.570810e-01   2.853010e-02
  5.421240e+00   1.820290e-01   2.852050e-02
  5.423980e+00   1.911150e-01   2.844330e-02
  5.426710e+00   1.966680e-01   2.883210e-02
  5.429450e+00   2.053410e-01   2.856150e-02
  5.432180e+00   1.707780e-01   2.843200e-02
  5.434910e+00   1.992620e-01   2.871410e-02
  5.437650e+00   1.936090e-01   2.848310e-02
  5.440380e+00   2.015200e-01   2.837110e-02
  5.443120e+00   1.642860e-01   2.854900e-02
  5.445850e+00   1.474860e-01   2.841960e-02
  5.448580e+00   1.430750e-01   2.866760e-02
  5.451320e+00   1.580630e-01   2.843480e-02
  5.454050e+00   2.291860e-01   2.876220e-02
  5.456790e+00   1.853090e-01   2.841230e-02
  5.459520e+00   1.765720e-01   2.860740e-02
  5.462260e+00   1.695230e-01   2.861380e-02
  5.464990e+00   1.389530e-01   2.837310e-02
  5.467720e+00   1.510430e-01   2.855520e-02
  5.470460e+00   1.572370e-01   2.832670e-02
  5.473190e+00   2.036530e-01   2.814670e-02
  5.475930e+00   2.159060e-01   2.839620e-02
  5.478660e+00   1.939780e-01   2.836710e-02
  5.481390e+00   1.790900e-01   2.848340e-02
  5.484130e+00   1.971010e-01   2.869100e-02
  5.486860e+00   1.748720e-01   2.836790e-02
  5.489600e+00   1.845830e-01   2.829880e-02
  5.492330e+00   1.666840e-01   2.845090e-02
  5.495060e+00   1.531480e-01   2.829380e-02
  5.497800e+00   1.822530e-01   2.844250e-02
  5.500530e+00   1.376820e-01   2.822920e-02
  5.503270e+00   1.671610e-01   2.851850e-02
  5.506000e+00   1.873780e-01   2.841670e-02
  5.508730e+00   2.022810e-01   2.852960e-02
  5.511470e+00   1.525460e-01   2.804980e-02
  5.514200e+00   1.493340e-01   2.819490e-02
  5.516940e+00   1.771530e-01   2.869360e-02
  5.519670e+00   1.886170e-01   2.840550e-02
  5.522400e+00   1.760140e-01   2.837750e-02
  5.525140e+00   1.820370e-01   2.831310e-02
  5.527870e+00   1.859300e-01   3.377880e-02
  5.530610e+00   1.728710e-01   3.652760e-02
  5.533340e+00   1.295510e-01   4.012520e-02
  5.536070e+00   2.103330e-01   3.296200e-02
  5.538810e+00   1.227470e-01   3.133390e-02
  5.541540e+00   2.036370e-01   3.051540e-02
  5.544280e+00   1.914680e-01   2.962950e-02
  5.547010e+00   1.763070e-01   2.954170e-02
  5.549740e+00   1.087970e-01   2.953000e-02
  5.552480e+00   1.629030e-01   2.905900e-02
  5.555210e+00   1.823380e-01   2.929250e-02
  5.557950e+00   1.785930e-01   2.913240e-02
  5.560680e+00   1.984280e-01   2.919730e-02
  5.563410e+00   2.250400e-01   2.981790e-02
  5.566150e+00   2.094830e-01   2.919460e-02
  5.568880e+00   1.805970e-01   2.900850e-02
  5.571620e+00   1.356170e-01   2.899500e-02
  5.574350e+00   1.979110e-01   2.933740e-02
  5.577090e+00   1.900520e-01   2.895900e-02
  5.579820e+00   1.754770e-01   2.900380e-02
  5.582550e+00   2.147910e-01   2.889620e-02
  5.585290e+00   1.843220e-01   2.809600e-02
  5.588020e+00   2.083440e-01   2.813400e-02
  5.590760e+00   1.737650e-01   2.828680e-02
  5.593490e+00   1.978110e-01   2.839300e-02
  5.596220e+00   1.889090e-01   2.835990e-02
  5.598960e+00   1.793950e-01   2.839760e-02
  5.601690e+00   1.810220e-01   2.825140e-02
  5.604430e+00   1.834320e-01   2.839360e-02
  5.607160e+00   1.871490e-01   2.804790e-02
  5.609890e+00   1.466720e-01   2.802490e-02
  5.612630e+00   1.753250e-01   2.858740e-02
  5.615360e+00   1.901680e-01   2.831070e-02
  5.618100e+00   2.019330e-01   2.812450e-02
  5.620830e+00   1.631070e-01   2.819890e-02
  5.623560e+00   1.908820e-01   2.795990e-02
  5.626300e+00   2.156540e-01   2.826240e-02
  5.629030e+00   2.056780e-01   2.805940e-02
  5.631770e+00   1.340220e-01   2.779340e-02
  5.634500e+00   1.834520e-01   2.800090e-02
  5.637230e+00   1.469690e-01   2.799370e-02
  5.639970e+00   1.928070e-01   2.810520e-02
  5.642700e+00   1.646750e-01   2.798080e-02
  5.645440e+00   1.723500e-01   2.816470e-02
  5.648170e+00   1.714920e-01   2.810980e-02
  5.650900e+00   1.664430e-01   2.821810e-02
  5.653640e+00   1.357100e-01   2.793450e-02
  5.656370e+00   1.770250e-01   2.808970e-02
  5.659110e+00   2.369810e-01   2.829630e-02
  5.661840e+00   1.503090e-01   2.793640e-02
  5.664570e+00   2.139450e-01   2.830320e-02
  5.667310e+00   1.341700e-01   2.800230e-02
  5.670040e+00   1.864230e-01   2.803740e-02
  5.672780e+00   1.995430e-01   2.812350e-02
  5.675510e+00   1.349840e-01   2.798930e-02
  5.678240e+00   1.509620e-01   2.789170e-02
  5.680980e+00   1.805330e-01   2.804700e-02
  5.683710e+00   1.602090e-01   2.815060e-02
  5.686450e+00   1.909820e-01   2.817570e-02
  5.689180e+00   2.232120e-01   2.817230e-02
  5.691910e+00   1.939980e-01   2.817180e-02
  5.694650e+00   1.927910e-01   2.800910e-02
  5.697380e+00   1.302930e-01   2.800360e-02
  5.700120e+00   1.655650e-01   2.794740e-02
  5.702850e+00   1.394070e-01   2.799490e-02
  5.705590e+00   1.575460e-01   2.793870e-02
  5.708320e+00   1.793700e-01   2.816910e-02
  5.711050e+00   1.713190e-01   2.834140e-02
  5.713790e+00   1.299960e-01   2.798390e-02
  5.716520e+00   1.977470e-01   2.810160e-02
  5.719260e+00   2.008220e-01   2.835850e-02
  5.721990e+00   1.722980e-01   2.808900e-02
  5.724720e+00   1.737450e-01   2.826290e-02
  5.727460e+00   1.474860e-01   2.773380e-02
  5.730190e+00   1.470290e-01   2.796180e-02
  5.732930e+00   1.842980e-01   2.829130e-02
  5.735660e+00   1.928830e-01   2.813460e-02
  5.738390e+00   1.233080e-01   2.797910e-02
  5.741130e+00   1.621530e-01   2.795190e-02
  5.743860e+00   2.088010e-01   2.823810e-02
  5.746600e+00   1.496150e-01   2.789910e-02
  5.749330e+00   1.777350e-01   2.809690e-02
  5.752060e+00   1.554250e-01   2.804290e-02
  5.754800e+00   1.859180e-01   2.825900e-02
  5.757530e+00   1.903770e-01   2.825840e-02
  5.760270e+00   1.849880e-01   2.816620e-02
  5.763000e+00   1.325620e-01   2.805160e-02
  5.765730e+00   1.884200e-01   2.822030e-02
  5.768470e+00   1.773500e-01   2.819700e-02
  5.771200e+00   1.860590e-01   2.795600e-02
  5.773940e+00   1.345910e-01   2.798640e-02
  5.776670e+00   1.499120e-01   2.817230e-02
  5.779400e+00   1.956340e-01   2.819070e-02
  5.782140e+00   1.213110e-01   2.794590e-02
  5.784870e+00   1.796150e-01   2.822800e-02
  5.787610e+00   1.691780e-01   2.803040e-02
  5.790340e+00   1.608540e-01   2.820920e-02
  5.793070e+00   2.052930e-01   2.814640e-02
  5.795810e+00   1.229430e-01   2.805990e-02
  5.798540e+00   1.335930e-01   2.779550e-02
  5.801280e+00   2.015480e-01   2.815580e-02
  5.804010e+00   1.762030e-01   2.801130e-02
  5.806740e+00   1.512150e-01   2.799480e-02
  5.809480e+00   1.767400e-01   2.776310e-02
  5.812210e+00   1.646470e-01   2.789540e-02
  5.814950e+00   2.015000e-01   2.775320e-02
  5.817680e+00   1.850800e-01   2.814790e-02
  5.820410e+00   8.403770e-02   2.779160e-02
  5.823150e+00   1.547750e-01   2.784430e-02
  5.825880e+00   1.821130e-01   2.805540e-02
  5.828620e+00   1.878710e-01   2.799050e-02
  5.831350e+00   1.792060e-01   2.800880e-02
  5.834090e+00   1.480110e-01   2.790630e-02
  5.836820e+00   1.954410e-01   2.820310e-02
  5.839550e+00   1.868640e-01   2.798070e-02
  5.842290e+00   1.797750e-01   2.801220e-02
  5.845020e+00   1.620690e-01   2.812420e-02
  5.847760e+00   1.766560e-01   2.796810e-02
  5.850490e+00   1.529190e-01   2.805480e-02
  5.853220e+00   1.250200e-01   2.801710e-02
  5.855960e+00   1.980310e-01   2.813370e-02
  5.858690e+00   1.874860e-01   2.791760e-02
  5.861430e+00   1.688530e-01   2.798890e-02
  5.864160e+00   1.415680e-01   2.794810e-02
  5.866890e+00   2.120130e-01   2.816240e-02
  5.869630e+00   1.761150e-01   2.827540e-02
  5.872360e+00   1.870770e-01   2.793440e-02
  5.875100e+00   1.728310e-01   2.807970e-02
  5.877830e+00   1.319290e-01   2.784750e-02
  5.880560e+00   1.677310e-01   2.793580e-02
  5.883300e+00   1.712870e-01   2.820320e-02
  5.886030e+00   1.566560e-01   2.795680e-02
  5.888770e+00   1.469010e-01   2.796730e-02
  5.891500e+00   1.837290e-01   2.782480e-02
  5.894230e+00   1.786530e-01   2.801900e-02
  5.896970e+00   1.840980e-01   2.792560e-02
  5.899700e+00   1.633320e-01   2.815770e-02
  5.902440e+00   1.719250e-01   2.799850e-02
  5.905170e+00   1.624660e-01   2.784760e-02
  5.907900e+00   1.756340e-01   2.809070e-02
  5.910640e+00   1.415960e-01   2.819830e-02
  5.913370e+00   1.349680e-01   2.823790e-02
  5.916110e+00   2.030510e-01   2.826250e-02
  5.918840e+00   1.571170e-01   2.794290e-02
  5.921570e+00   1.473780e-01   2.778950e-02
  5.924310e+00   2.165400e-01   2.851000e-02
  5.927040e+00   1.508980e-01   2.806100e-02
  5.929780e+00   1.181720e-01   2.779670e-02
  5.932510e+00   1.684920e-01   2.773960e-02
  5.935240e+00   1.530270e-01   2.780000e-02
  5.937980e+00   1.974540e-01   2.791910e-02
  5.940710e+00   2.141660e-01   2.822730e-02
  5.943450e+00   1.774460e-01   2.800710e-02
  5.946180e+00   1.766400e-01   2.819850e-02
  5.948920e+00   1.343740e-01   2.797260e-02
  5.951650e+00   1.740220e-01   2.802750e-02
  5.954380e+00   1.499560e-01   2.814800e-02
  5.957120e+00   1.289050e-01   2.764940e-02
  5.959850e+00   1.891020e-01   2.807930e-02
  5.962590e+00   1.660710e-01   2.786520e-02
  5.965320e+00   1.147960e-01   2.790880e-02
  5.968050e+00   1.860470e-01   2.814960e-02
  5.970790e+00   1.293620e-01   3.365740e-02
  5.973520e+00   1.367720e-01   3.640670e-02
  5.976260e+00   2.022410e-01   4.106400e-02
  5.978990e+00   1.289290e-01   4.385420e-02
  5.981720e+00   1.429030e-01   4.586310e-02
  5.984460e+00   2.092820e-01   5.049120e-02
  5.987190e+00   9.495590e-02   5.201510e-02
  5.989930e+00   1.679550e-01   5.507470e-02
  5.992660e+00   1.988730e-01   5.925260e-02
  5.995390e+00   1.015640e-01   6.256450e-02
  5.998130e+00   7.113870e-02   6.749500e-02
  6.000860e+00   1.570090e-01   7.275630e-02
  6.003600e+00   1.071930e-01   8.241240e-02
  6.006330e+00   1.263030e-01   9.225850e-02
  6.009060e+00   2.800520e-01   1.099710e-01
  6.011800e+00   2.399840e-01   1.321300e-01