 5.334034e-002  4.183400e+002  2.481243e+001
 5.478197e-002  4.926800e+002  2.369205e+001
 5.622360e-002  4.825400e+002  2.190590e+001
 5.766523e-002  4.656400e+002  2.112518e+001
 5.910685e-002  4.708600e+002  2.005322e+001
 6.054848e-002  5.169600e+002  1.893098e+001
 6.199011e-002  5.009400e+002  1.799192e+001
 6.343174e-002  4.522800e+002  1.679309e+001
 6.487337e-002  5.005100e+002  1.651867e+001
 6.631500e-002  4.671500e+002  1.580405e+001
 6.775663e-002  5.045100e+002  1.481197e+001
 6.919826e-002  4.802940e+002  1.429234e+001
 7.063988e-002  4.685910e+002  1.361743e+001
 7.208151e-002  4.727300e+002  1.341238e+001
 7.352314e-002  4.674630e+002  1.262945e+001
 7.496477e-002  4.666660e+002  1.201800e+001
 7.640640e-002  4.678800e+002  1.214287e+001
 7.784802e-002  4.673350e+002  1.127894e+001
 7.928965e-002  4.694990e+002  1.120229e+001
 8.073128e-002  4.621380e+002  1.059864e+001
 8.217291e-002  4.516410e+002  1.026064e+001
 8.361453e-002  4.641290e+002  1.033449e+001
 8.505616e-002  4.552710e+002  9.686275e+000
 8.649779e-002  4.730890e+002  9.421618e+000
 8.793941e-002  4.662210e+002  9.221208e+000
 8.938104e-002  4.602510e+002  8.843110e+000
 9.082266e-002  4.542900e+002  8.790772e+000
 9.226429e-002  4.449440e+002  8.300880e+000
 9.370592e-002  4.412740e+002  8.175811e+000
 9.514754e-002  4.462650e+002  8.061856e+000
 9.658917e-002  4.349410e+002  7.656940e+000
 9.803079e-002  4.507450e+002  7.624628e+000
 9.947242e-002  4.465740e+002  7.230560e+000
 1.009140e-001  4.359920e+002  7.165444e+000
 1.023557e-001  4.296270e+002  6.978881e+000
 1.037973e-001  4.433770e+002  6.719950e+000
 1.052389e-001  4.412300e+002  6.591330e+000
 1.066805e-001  4.357600e+002  6.441555e+000
 1.081222e-001  4.253130e+002  6.294947e+000
 1.095638e-001  4.344650e+002  6.127347e+000
 1.110054e-001  4.280110e+002  5.937015e+000
 1.124470e-001  4.450170e+002  5.886710e+000
 1.138887e-001  4.313140e+002  5.778716e+000
 1.153303e-001  4.181440e+002  5.685837e+000
 1.167719e-001  4.356570e+002  5.549055e+000
 1.182135e-001  4.154360e+002  5.441847e+000
 1.196552e-001  4.174050e+002  5.481735e+000
 1.210968e-001  4.323500e+002  5.414036e+000
 1.225384e-001  4.303890e+002  5.337132e+000
 1.239800e-001  4.242940e+002  5.296652e+000
 1.254216e-001  4.244930e+002  5.326342e+000
 1.268633e-001  4.233700e+002  5.160278e+000
 1.283049e-001  4.219460e+002  5.118623e+000
 1.297465e-001  4.132040e+002  5.067849e+000
 1.311881e-001  4.120550e+002  5.069112e+000
 1.326297e-001  4.112950e+002  4.997165e+000
 1.340714e-001  4.136300e+002  4.964055e+000
 1.355130e-001  4.155800e+002  4.868001e+000
 1.369546e-001  4.133820e+002  4.790537e+000
 1.383962e-001  4.123170e+002  4.828836e+000
 1.398378e-001  4.057780e+002  4.763255e+000
 1.412795e-001  4.025670e+002  4.660949e+000
 1.427211e-001  3.989100e+002  4.660895e+000
 1.441627e-001  4.042150e+002  4.582374e+000
 1.456043e-001  3.957560e+002  4.579684e+000
 1.470459e-001  4.034220e+002  4.565670e+000
 1.484875e-001  3.984610e+002  4.418716e+000
 1.499292e-001  3.943710e+002  4.538044e+000
 1.513708e-001  3.901610e+002  4.377960e+000
 1.528124e-001  3.881470e+002  4.432775e+000
 1.542540e-001  3.889710e+002  4.371200e+000
 1.556956e-001  3.861540e+002  4.310237e+000
 1.571372e-001  3.843790e+002  4.344269e+000
 1.585789e-001  3.917440e+002  4.311070e+000
 1.600205e-001  3.937690e+002  4.283728e+000
 1.614621e-001  3.851640e+002  4.214012e+000
 1.629037e-001  3.811140e+002  4.169774e+000
 1.643453e-001  3.721690e+002  4.198243e+000
 1.657869e-001  3.787920e+002  4.127016e+000
 1.672286e-001  3.810790e+002  4.112503e+000
 1.686702e-001  3.757120e+002  4.066136e+000
 1.701118e-001  3.772590e+002  4.044133e+000
 1.715534e-001  3.698210e+002  4.031778e+000
 1.729950e-001  3.666180e+002  3.966608e+000
 1.744366e-001  3.706260e+002  4.009753e+000
 1.758782e-001  3.677710e+002  3.924593e+000
 1.773198e-001  3.581050e+002  3.941024e+000
 1.787615e-001  3.632700e+002  3.882434e+000
 1.802031e-001  3.587860e+002  3.874221e+000
 1.816447e-001  3.611590e+002  3.857053e+000
 1.830863e-001  3.595380e+002  3.802957e+000
 1.845279e-001  3.543740e+002  3.821264e+000
 1.859695e-001  3.572100e+002  3.783503e+000
 1.874111e-001  3.545090e+002  3.705907e+000
 1.888527e-001  3.453770e+002  3.585872e+000
 1.902943e-001  3.434140e+002  3.553466e+000
 1.917359e-001  3.440980e+002  3.516620e+000
 1.931775e-001  3.403340e+002  3.444357e+000
 1.946192e-001  3.406820e+002  3.426042e+000
 1.960608e-001  3.424430e+002  3.368539e+000
 1.975024e-001  3.420020e+002  3.366868e+000
 1.989440e-001  3.360640e+002  3.320710e+000
 2.003856e-001  3.296340e+002  3.310730e+000
 2.018272e-001  3.267490e+002  3.271284e+000
 2.032688e-001  3.317700e+002  3.208122e+000
 2.047104e-001  3.252370e+002  3.250930e+000
 2.061520e-001  3.216910e+002  3.154829e+000
 2.075936e-001  3.226620e+002  3.191093e+000
 2.090352e-001  3.220950e+002  3.132083e+000
 2.104768e-001  3.180240e+002  3.108166e+000
 2.119184e-001  3.193930e+002  3.129525e+000
 2.133600e-001  3.128110e+002  3.064065e+000
 2.148016e-001  3.129032e+002  3.052889e+000
 2.162432e-001  3.124089e+002  3.031217e+000
 2.176848e-001  3.067706e+002  3.007308e+000
 2.191264e-001  3.088505e+002  3.011300e+000
 2.205680e-001  3.064924e+002  2.969130e+000
 2.220096e-001  3.048213e+002  2.960161e+000
 2.234512e-001  3.028876e+002  2.947075e+000
 2.248928e-001  2.983507e+002  2.887904e+000
 2.263344e-001  3.008776e+002  2.907536e+000
 2.277760e-001  2.929490e+002  2.870183e+000
 2.292176e-001  2.930838e+002  2.841076e+000
 2.306592e-001  2.943381e+002  2.845047e+000
 2.321008e-001  2.863148e+002  2.782243e+000
 2.335424e-001  2.853872e+002  2.792821e+000
 2.349840e-001  2.834610e+002  2.777397e+000
 2.364256e-001  2.843654e+002  2.829669e+000
 2.378672e-001  2.928464e+002  2.835047e+000
 2.393088e-001  2.797138e+002  2.790260e+000
 2.407504e-001  2.816544e+002  2.836404e+000
 2.421920e-001  2.776571e+002  2.777696e+000
 2.436336e-001  2.753041e+002  2.808079e+000
 2.450752e-001  2.745282e+002  2.815707e+000
 2.465168e-001  2.722403e+002  2.762016e+000
 2.479584e-001  2.659709e+002  2.806671e+000
 2.494000e-001  2.682056e+002  2.752588e+000
 2.508415e-001  2.603426e+002  2.758195e+000
 2.522831e-001  2.638072e+002  2.783461e+000
 2.537247e-001  2.557421e+002  2.722511e+000
 2.551663e-001  2.560767e+002  2.759624e+000
 2.566079e-001  2.589597e+002  2.661114e+000
 2.580495e-001  2.568839e+002  2.640722e+000
 2.594911e-001  2.508874e+002  2.614316e+000
 2.609327e-001  2.509336e+002  2.591997e+000
 2.623743e-001  2.463609e+002  2.581161e+000
 2.638159e-001  2.498700e+002  2.547606e+000
 2.652574e-001  2.464197e+002  2.528000e+000
 2.666990e-001  2.429059e+002  2.509927e+000
 2.681406e-001  2.445229e+002  2.501827e+000
 2.695822e-001  2.374127e+002  2.459230e+000
 2.710238e-001  2.370555e+002  2.442789e+000
 2.724654e-001  2.351490e+002  2.438018e+000
 2.739070e-001  2.332179e+002  2.422277e+000
 2.753485e-001  2.347899e+002  2.404433e+000
 2.767901e-001  2.305787e+002  2.377183e+000
 2.782317e-001  2.247085e+002  2.370720e+000
 2.796733e-001  2.284540e+002  2.371957e+000
 2.811149e-001  2.238985e+002  2.334436e+000
 2.825564e-001  2.224826e+002  2.346523e+000
 2.839980e-001  2.202035e+002  2.302764e+000
 2.854396e-001  2.150003e+002  2.335928e+000
 2.868812e-001  2.146705e+002  2.293879e+000
 2.883228e-001  2.170824e+002  2.288238e+000
 2.897643e-001  2.133934e+002  2.295945e+000
 2.912059e-001  2.083486e+002  2.265664e+000
 2.926475e-001  2.060295e+002  2.285138e+000
 2.940891e-001  2.038565e+002  2.249048e+000
 2.955307e-001  2.053525e+002  2.241644e+000
 2.969722e-001  2.021056e+002  2.247197e+000
 2.984138e-001  1.996291e+002  2.236796e+000
 2.998554e-001  1.970761e+002  2.224979e+000
 3.012970e-001  1.935665e+002  2.196829e+000
 3.027385e-001  1.923992e+002  2.213095e+000
 3.041801e-001  1.921912e+002  2.195283e+000
 3.056217e-001  1.895407e+002  2.178402e+000
 3.070632e-001  1.919329e+002  2.185100e+000
 3.085048e-001  1.838007e+002  2.153522e+000
 3.099464e-001  1.881586e+002  2.190577e+000
 3.113880e-001  1.839018e+002  2.146088e+000
 3.128295e-001  1.820900e+002  2.119768e+000
 3.142711e-001  1.777343e+002  2.137088e+000
 3.157127e-001  1.781592e+002  2.127654e+000
 3.171542e-001  1.775034e+002  2.135404e+000
 3.185958e-001  1.737672e+002  2.098650e+000
 3.200374e-001  1.698651e+002  2.089850e+000
 3.214789e-001  1.687469e+002  2.093639e+000
 3.229205e-001  1.693214e+002  2.081522e+000
 3.243621e-001  1.651140e+002  2.068285e+000
 3.258036e-001  1.626389e+002  2.037793e+000
 3.272452e-001  1.612588e+002  2.051158e+000
 3.286868e-001  1.620169e+002  2.057108e+000
 3.301283e-001  1.602211e+002  2.029119e+000
 3.315699e-001  1.561063e+002  2.016931e+000
 3.330114e-001  1.541904e+002  2.012780e+000
 3.344530e-001  1.532408e+002  2.022208e+000
 3.358946e-001  1.534672e+002  2.009930e+000
 3.373361e-001  1.516496e+002  1.978472e+000
 3.387777e-001  1.489447e+002  1.993141e+000
 3.402192e-001  1.484600e+002  1.983680e+000
 3.416608e-001  1.452081e+002  1.966876e+000
 3.431024e-001  1.417846e+002  1.969549e+000
 3.445439e-001  1.450252e+002  1.954262e+000
 3.459855e-001  1.426807e+002  1.954811e+000
 3.474270e-001  1.376400e+002  1.929491e+000
 3.488686e-001  1.375029e+002  1.925267e+000
 3.503101e-001  1.374998e+002  1.933983e+000
 3.517517e-001  1.369009e+002  1.922102e+000
 3.531932e-001  1.347308e+002  1.907902e+000
 3.546348e-001  1.278837e+002  1.899409e+000
 3.560763e-001  1.277327e+002  1.878745e+000
 3.575179e-001  1.250925e+002  1.890542e+000
 3.589594e-001  1.261905e+002  1.871250e+000
 3.604010e-001  1.237237e+002  1.856636e+000
 3.618425e-001  1.229876e+002  1.869225e+000
 3.632841e-001  1.221976e+002  1.841913e+000
 3.647256e-001  1.187650e+002  1.856593e+000
 3.661672e-001  1.188528e+002  1.831825e+000
 3.676087e-001  1.164746e+002  1.819899e+000
 3.690503e-001  1.179464e+002  1.840285e+000
 3.704918e-001  1.132906e+002  1.809226e+000
 3.719334e-001  1.138665e+002  1.807486e+000
 3.733749e-001  1.121560e+002  1.792794e+000
 3.748165e-001  1.136119e+002  1.788223e+000
 3.762580e-001  1.078693e+002  1.805228e+000
 3.776995e-001  1.051494e+002  1.767117e+000
 3.791411e-001  1.056420e+002  1.776539e+000
 3.805826e-001  1.035550e+002  1.771625e+000
 3.820242e-001  1.037043e+002  1.760559e+000
 3.834657e-001  9.910010e+001  1.770868e+000
 3.849072e-001  9.861490e+001  1.728928e+000
 3.863488e-001  9.592820e+001  1.756848e+000
 3.877903e-001  9.392190e+001  1.749066e+000
 3.892319e-001  9.465060e+001  1.725205e+000
 3.906734e-001  9.351120e+001  1.730911e+000
 3.921149e-001  9.261100e+001  1.711103e+000
 3.935565e-001  9.146890e+001  1.730835e+000
 3.949980e-001  8.824230e+001  1.708340e+000
 3.964395e-001  8.751670e+001  1.703279e+000
 3.978811e-001  8.885490e+001  1.711392e+000
 3.993226e-001  8.499440e+001  1.692584e+000
 4.007641e-001  8.507880e+001  1.697873e+000
 4.022056e-001  8.101960e+001  1.685079e+000
 4.036472e-001  8.236190e+001  1.682272e+000
 4.050887e-001  7.780270e+001  1.681166e+000
 4.065302e-001  7.984790e+001  1.676893e+000
 4.079718e-001  7.644340e+001  1.673206e+000
 4.094133e-001  7.389910e+001  1.663832e+000
 4.108548e-001  7.685620e+001  1.668962e+000
 4.122963e-001  7.514970e+001  1.662585e+000
 4.137379e-001  7.114610e+001  1.645736e+000
 4.151794e-001  7.084430e+001  1.650181e+000
 4.166209e-001  6.904990e+001  1.642442e+000
 4.180624e-001  6.894610e+001  1.641340e+000
 4.195039e-001  6.718620e+001  1.630706e+000
 4.209455e-001  6.740430e+001  1.636598e+000
 4.223870e-001  6.583600e+001  1.627730e+000
 4.238285e-001  6.683630e+001  1.621055e+000
 4.252700e-001  6.041570e+001  1.641602e+000
 4.267115e-001  6.282450e+001  1.641816e+000
 4.281530e-001  5.920770e+001  1.650155e+000
 4.295946e-001  5.707060e+001  1.647171e+000
 4.310361e-001  5.917590e+001  1.649534e+000
 4.324776e-001  5.588120e+001  1.647750e+000
 4.339191e-001  5.636420e+001  1.651866e+000
 4.353606e-001  5.825470e+001  1.654380e+000
 4.368021e-001  5.344190e+001  1.650825e+000
 4.382436e-001  5.273990e+001  1.649758e+000
 4.396851e-001  5.099850e+001  1.644062e+000
 4.411267e-001  5.151690e+001  1.640668e+000
 4.425682e-001  5.176750e+001  1.654049e+000
 4.440097e-001  4.878900e+001  1.642022e+000
 4.454512e-001  4.722010e+001  1.644065e+000
 4.468927e-001  4.834570e+001  1.638024e+000
 4.483342e-001  4.671290e+001  1.629123e+000
 4.497757e-001  4.473110e+001  1.643907e+000
 4.512172e-001  4.234850e+001  1.629794e+000
 4.526587e-001  4.326980e+001  1.640851e+000
 4.541002e-001  4.353750e+001  1.625547e+000
 4.555417e-001  3.904500e+001  1.621588e+000
 4.569832e-001  4.474520e+001  1.628669e+000
 4.584247e-001  4.225910e+001  1.630349e+000
 4.598662e-001  4.058640e+001  1.640693e+000
 4.613077e-001  3.743740e+001  1.622258e+000
 4.627492e-001  3.813320e+001  1.638925e+000
 4.641907e-001  3.330510e+001  1.636546e+000
 4.656322e-001  3.602200e+001  1.634539e+000
 4.670737e-001  3.639880e+001  1.654998e+000
 4.685152e-001  3.863490e+001  1.650548e+000
 4.699567e-001  3.342570e+001  1.662635e+000
 4.713982e-001  3.231220e+001  1.654049e+000
 4.728396e-001  3.257010e+001  1.651364e+000
 4.742811e-001  3.221740e+001  1.663338e+000
 4.757226e-001  2.807410e+001  1.660205e+000
 4.771641e-001  2.751920e+001  1.661359e+000
 4.786056e-001  2.957110e+001  1.653961e+000
 4.800471e-001  2.943890e+001  1.651690e+000
 4.814886e-001  2.787950e+001  1.667216e+000
 4.829301e-001  2.940320e+001  1.636970e+000
 4.843715e-001  2.910950e+001  1.633414e+000
 4.858130e-001  2.611430e+001  1.634337e+000
 4.872545e-001  2.564250e+001  1.615262e+000
 4.886960e-001  2.513020e+001  1.619113e+000
 4.901375e-001  2.587300e+001  1.593084e+000
 4.915789e-001  2.239760e+001  1.595755e+000
 4.930204e-001  2.350610e+001  1.585084e+000
 4.944619e-001  2.285540e+001  1.567200e+000
 4.959034e-001  2.440360e+001  1.541785e+000
 4.973448e-001  2.341100e+001  1.542090e+000
 4.987863e-001  1.961930e+001  1.520671e+000
 5.002278e-001  1.983860e+001  1.533568e+000
 5.016693e-001  2.127680e+001  1.521074e+000
 5.031107e-001  1.807580e+001  1.503436e+000
 5.045522e-001  1.881770e+001  1.520841e+000
 5.059937e-001  1.838490e+001  1.499450e+000
 5.074352e-001  1.913710e+001  1.496926e+000
 5.088766e-001  1.544230e+001  1.491603e+000
 5.103181e-001  1.994880e+001  1.490639e+000
 5.117596e-001  1.731590e+001  1.497665e+000
 5.132010e-001  1.518800e+001  1.474008e+000
 5.146425e-001  1.483020e+001  1.475351e+000
 5.160839e-001  1.732880e+001  1.476612e+000
 5.175254e-001  1.492670e+001  1.454963e+000
 5.189669e-001  1.433100e+001  1.468339e+000
 5.204083e-001  1.382610e+001  1.453630e+000
 5.218498e-001  1.224460e+001  1.452491e+000
 5.232913e-001  1.252660e+001  1.444735e+000
 5.247327e-001  1.308020e+001  1.435182e+000
 5.261742e-001  1.247080e+001  1.447259e+000
 5.276156e-001  1.271350e+001  1.428305e+000
 5.290571e-001  9.102100e+000  1.438093e+000
 5.304985e-001  9.100200e+000  1.420804e+000
 5.319400e-001  1.213630e+001  1.412940e+000
 5.333814e-001  8.557800e+000  1.419149e+000
 5.348229e-001  7.791100e+000  1.405262e+000
 5.362643e-001  8.709400e+000  1.416594e+000
 5.377058e-001  7.834200e+000  1.403967e+000
 5.391472e-001  1.143440e+001  1.396637e+000
 5.405887e-001  6.713900e+000  1.406756e+000
 5.420301e-001  7.267200e+000  1.385197e+000
 5.434716e-001  6.686300e+000  1.390664e+000
 5.449130e-001  5.806600e+000  1.387531e+000
 5.463545e-001  8.781800e+000  1.386690e+000
 5.477959e-001  5.944000e+000  1.385068e+000
 5.492373e-001  8.812900e+000  1.378236e+000
 5.506788e-001  6.791400e+000  1.379594e+000
 5.521202e-001  6.791700e+000  1.374871e+000
 5.535617e-001  4.159400e+000  1.370882e+000
 5.550031e-001  5.201000e+000  1.374150e+000
 5.564445e-001  4.465100e+000  1.364170e+000
 5.578860e-001  6.539200e+000  1.365882e+000
 5.593274e-001  5.982100e+000  1.361524e+000
 5.607688e-001  5.600000e+000  1.355200e+000
 5.622103e-001  3.499100e+000  1.354875e+000
 5.636517e-001  2.025600e+000  1.352886e+000
 5.650931e-001  3.865400e+000  1.349558e+000
 5.665346e-001  3.560100e+000  1.343627e+000
 5.679760e-001  3.407800e+000  1.346107e+000
 5.694174e-001  4.299200e+000  1.341154e+000
 5.708588e-001  2.626500e+000  1.336386e+000
 5.723003e-001  1.922700e+000  1.335886e+000
 5.737417e-001  3.959400e+000  1.334269e+000
 5.751831e-001  5.982000e-001  1.325047e+000
 5.766245e-001  1.116500e+000  1.327691e+000
 5.780660e-001  2.056800e+000  1.323658e+000
 5.795074e-001  1.896100e+000  1.320684e+000
 5.809488e-001  1.813100e+000  1.321825e+000
 5.823902e-001  2.125800e+000  1.315780e+000
 5.838316e-001  2.194900e+000  1.316858e+000
 5.852730e-001  6.974000e-001  1.312817e+000
 5.867145e-001 -5.522000e-001  1.303740e+000
 5.881559e-001  1.990000e-001  1.312506e+000
 5.895973e-001  6.228000e-001  1.299943e+000
 5.910387e-001  1.481300e+000  1.301707e+000
 5.924801e-001 -2.325000e-001  1.299902e+000
 5.939215e-001  1.358700e+000  1.295111e+000
 5.953629e-001 -2.879000e-001  1.303759e+000
 5.968043e-001  9.360000e-001  1.286473e+000
 5.982457e-001  8.321000e-001  1.297268e+000
 5.996871e-001  2.683000e-001  1.284588e+000
 6.011285e-001 -2.005000e-001  1.286066e+000
 6.025700e-001  1.024100e+000  1.292437e+000
 6.040114e-001  9.000000e-002  1.277228e+000
 6.054528e-001  1.325500e+000  1.283317e+000
 6.068942e-001  3.192000e-001  1.270797e+000
 6.083356e-001  1.948300e+000  1.281385e+000
 6.097769e-001 -8.911000e-001  1.271326e+000
 6.112183e-001  6.919000e-001  1.272369e+000
 6.126597e-001  1.098500e+000  1.273114e+000
 6.141011e-001 -9.942000e-001  1.266938e+000
 6.155425e-001  2.187000e-001  1.262395e+000
 6.169839e-001 -1.703900e+000  1.265622e+000
 6.184253e-001  1.379000e+000  1.261940e+000
 6.198667e-001  1.889700e+000  1.261026e+000
 6.213081e-001  6.818000e-001  1.258592e+000
 6.227495e-001  8.508000e-001  1.262592e+000
 6.241909e-001  9.671000e-001  1.248518e+000
 6.256322e-001  4.465000e-001  1.250730e+000
 6.270736e-001 -3.255000e-001  1.252257e+000
 6.285150e-001  1.226100e+000  1.248133e+000
 6.299564e-001  2.218500e+000  1.246306e+000
 6.313978e-001  1.269400e+000  1.237631e+000
 6.328391e-001  1.633700e+000  1.241103e+000
 6.342805e-001  1.924000e+000  1.231491e+000
 6.357219e-001  1.259500e+000  1.241863e+000
 6.371633e-001 -7.507000e-001  1.230461e+000
 6.386047e-001  1.774700e+000  1.232418e+000
 6.400460e-001  2.755800e+000  1.231123e+000
 6.414874e-001  2.586000e-001  1.220200e+000
 6.429288e-001 -1.625000e+000  1.229412e+000
 6.443701e-001  2.304100e+000  1.223748e+000
 6.458115e-001 -4.484000e-001  1.221062e+000
 6.472529e-001  1.671600e+000  1.220139e+000
 6.486942e-001  1.078800e+000  1.216222e+000
 6.501356e-001  2.003400e+000  1.217008e+000
 6.515770e-001  1.112800e+000  1.215247e+000
 6.530183e-001  1.208700e+000  1.209964e+000
 6.544597e-001  1.189500e+000  1.213632e+000
 6.559011e-001  2.041700e+000  1.211360e+000
 6.573424e-001  2.001700e+000  1.208638e+000
 6.587838e-001  3.197400e+000  1.205345e+000
 6.602251e-001  1.348600e+000  1.200490e+000
 6.616665e-001  3.137400e+000  1.208525e+000
 6.631078e-001  2.673300e+000  1.199601e+000
 6.645492e-001  3.871900e+000  1.203618e+000
 6.659905e-001  3.603200e+000  1.199248e+000
 6.674319e-001  2.666400e+000  1.189046e+000
 6.688732e-001  3.813400e+000  1.202538e+000
 6.703146e-001  2.036500e+000  1.192991e+000
 6.717559e-001  4.183000e-001  1.190329e+000
 6.731973e-001  3.911600e+000  1.194452e+000
 6.746386e-001  4.357500e+000  1.182908e+000
 6.760800e-001  1.296600e+000  1.190550e+000
 6.775213e-001  2.721700e+000  1.180433e+000
 6.789627e-001  4.006700e+000  1.188554e+000
 6.804040e-001  3.683600e+000  1.189670e+000
 6.818453e-001  4.071200e+000  1.181971e+000
 6.832867e-001  5.855000e+000  1.188007e+000
 6.847280e-001  3.544200e+000  1.177430e+000
 6.861693e-001  5.088500e+000  1.184198e+000
 6.876107e-001  2.867000e+000  1.179718e+000
 6.890520e-001  2.448900e+000  1.171820e+000
 6.904933e-001  5.415100e+000  1.186807e+000
 6.919347e-001  5.700500e+000  1.167737e+000
 6.933760e-001  4.936500e+000  1.177333e+000
 6.948173e-001  5.032900e+000  1.172853e+000
 6.962586e-001  5.682200e+000  1.169987e+000
 6.977000e-001  5.151500e+000  1.176079e+000
 6.991413e-001  6.758800e+000  1.167269e+000
 7.005826e-001  6.818700e+000  1.171248e+000
 7.020239e-001  7.550000e+000  1.165231e+000
 7.034653e-001  5.798000e+000  1.163348e+000
 7.049066e-001  5.737600e+000  1.166369e+000
 7.063479e-001  6.383700e+000  1.163139e+000
 7.077892e-001  5.185900e+000  1.159017e+000
 7.092305e-001  7.204700e+000  1.160939e+000
 7.106718e-001  7.159600e+000  1.153986e+000
 7.121131e-001  5.300500e+000  1.159113e+000
 7.135545e-001  7.000100e+000  1.153809e+000
 7.149958e-001  7.960100e+000  1.157229e+000
 7.164371e-001  5.196700e+000  1.153719e+000
 7.178784e-001  7.151200e+000  1.150583e+000
 7.193197e-001  5.134700e+000  1.150256e+000
 7.207610e-001  6.427000e+000  1.147631e+000
 7.222023e-001  6.589300e+000  1.142077e+000
 7.236436e-001  8.255000e+000  1.149967e+000
 7.250849e-001  6.980400e+000  1.143051e+000
 7.265262e-001  8.707000e+000  1.145478e+000
 7.279675e-001  8.419700e+000  1.141264e+000
 7.294088e-001  7.629500e+000  1.136684e+000
 7.308501e-001  8.280700e+000  1.156783e+000
 7.322914e-001  8.903400e+000  1.154788e+000
 7.337327e-001  9.308700e+000  1.159393e+000
 7.351740e-001  7.246800e+000  1.154790e+000
 7.366152e-001  8.861600e+000  1.161106e+000
 7.380565e-001  7.842400e+000  1.171055e+000
 7.394978e-001  1.061000e+001  1.161230e+000
 7.409391e-001  8.997800e+000  1.165737e+000
 7.423804e-001  8.949300e+000  1.174302e+000
 7.438217e-001  9.116600e+000  1.164259e+000
 7.452630e-001  9.439400e+000  1.171045e+000
 7.467042e-001  7.711300e+000  1.164221e+000
 7.481455e-001  9.209200e+000  1.176043e+000
 7.495868e-001  9.948500e+000  1.169856e+000
 7.510281e-001  8.653500e+000  1.166213e+000
 7.524693e-001  9.804600e+000  1.177174e+000
 7.539106e-001  9.526600e+000  1.169220e+000
 7.553519e-001  1.224540e+001  1.180567e+000
 7.567932e-001  9.652100e+000  1.170665e+000
 7.582344e-001  1.127910e+001  1.166028e+000
 7.596757e-001  1.042090e+001  1.175478e+000
 7.611170e-001  1.101730e+001  1.170823e+000
 7.625582e-001  9.748700e+000  1.182114e+000
 7.639995e-001  1.078040e+001  1.177362e+000
 7.654408e-001  1.070200e+001  1.176586e+000
 7.668820e-001  1.290990e+001  1.179897e+000
 7.683233e-001  1.147260e+001  1.172114e+000
 7.697645e-001  1.060160e+001  1.175311e+000
 7.712058e-001  1.191340e+001  1.167829e+000
 7.726470e-001  1.254380e+001  1.179170e+000
 7.740883e-001  1.243090e+001  1.176735e+000
 7.755295e-001  1.133850e+001  1.168427e+000
 7.769708e-001  1.204210e+001  1.171580e+000
 7.784120e-001  1.063520e+001  1.174681e+000
 7.798533e-001  9.492800e+000  1.171105e+000
 7.812945e-001  1.120290e+001  1.169391e+000
 7.827358e-001  1.053170e+001  1.170382e+000
 7.841770e-001  1.183150e+001  1.175690e+000
 7.856183e-001  1.161370e+001  1.169005e+000
 7.870595e-001  1.310230e+001  1.172044e+000
 7.885008e-001  1.423130e+001  1.173572e+000
 7.899420e-001  1.364620e+001  1.172412e+000
 7.913832e-001  1.288600e+001  1.171685e+000
 7.928245e-001  1.398300e+001  1.174118e+000
 7.942657e-001  1.078480e+001  1.166259e+000
 7.957069e-001  1.248870e+001  1.168329e+000
 7.971482e-001  1.222030e+001  1.177710e+000
 7.985894e-001  1.344810e+001  1.163932e+000
 8.000306e-001  1.286180e+001  1.148840e+000
 8.014718e-001  1.184800e+001  1.148590e+000
 8.029131e-001  1.206360e+001  1.144515e+000
 8.043543e-001  1.345380e+001  1.144757e+000
 8.057955e-001  1.171190e+001  1.130560e+000
 8.072367e-001  1.274820e+001  1.138461e+000
 8.086780e-001  1.327800e+001  1.131659e+000
 8.101192e-001  1.204990e+001  1.124638e+000
 8.115604e-001  1.447420e+001  1.125936e+000
 8.130016e-001  1.507360e+001  1.123312e+000
 8.144428e-001  1.290390e+001  1.124322e+000
 8.158840e-001  1.195310e+001  1.117222e+000
 8.173252e-001  1.442530e+001  1.115308e+000
 8.187664e-001  1.353810e+001  1.117510e+000
 8.202077e-001  1.467980e+001  1.107869e+000
 8.216489e-001  1.274840e+001  1.114534e+000
 8.230901e-001  1.371040e+001  1.106121e+000
 8.245313e-001  1.161930e+001  1.104244e+000
 8.259725e-001  1.148230e+001  1.105498e+000
 8.274137e-001  1.283460e+001  1.099946e+000
 8.288549e-001  1.454680e+001  1.098726e+000
 8.302961e-001  1.317360e+001  1.098535e+000
 8.317373e-001  1.447960e+001  1.100085e+000
 8.331785e-001  1.404460e+001  1.097532e+000
 8.346196e-001  1.372000e+001  1.092771e+000
 8.360608e-001  1.516530e+001  1.096063e+000
 8.375020e-001  1.411870e+001  1.091033e+000
 8.389432e-001  1.365530e+001  1.092629e+000
 8.403844e-001  1.429330e+001  1.090853e+000
 8.418256e-001  1.536880e+001  1.083193e+000
 8.432668e-001  1.355390e+001  1.087318e+000
 8.447079e-001  1.323500e+001  1.084088e+000
 8.461491e-001  1.340490e+001  1.084000e+000
 8.475903e-001  1.549630e+001  1.082312e+000
 8.490315e-001  1.395040e+001  1.080407e+000
 8.504727e-001  1.281680e+001  1.079738e+000
 8.519138e-001  1.426300e+001  1.075957e+000
 8.533550e-001  1.484760e+001  1.073150e+000
 8.547962e-001  1.504380e+001  1.075246e+000
 8.562373e-001  1.449700e+001  1.073385e+000
 8.576785e-001  1.475270e+001  1.072936e+000
 8.591197e-001  1.360220e+001  1.066208e+000
 8.605608e-001  1.303110e+001  1.068752e+000
 8.620020e-001  1.353860e+001  1.068600e+000
 8.634432e-001  1.512810e+001  1.063839e+000
 8.648843e-001  1.589650e+001  1.063676e+000
 8.663255e-001  1.275190e+001  1.059876e+000
 8.677666e-001  1.386490e+001  1.059551e+000
 8.692078e-001  1.577900e+001  1.058102e+000
 8.706490e-001  1.494210e+001  1.059157e+000
 8.720901e-001  1.500070e+001  1.048504e+000
 8.735313e-001  1.539370e+001  1.057814e+000
 8.749724e-001  1.398780e+001  1.050570e+000
 8.764135e-001  1.446700e+001  1.051023e+000
 8.778547e-001  1.343070e+001  1.047049e+000
 8.792958e-001  1.713440e+001  1.047973e+000
 8.807370e-001  1.472750e+001  1.052508e+000
 8.821781e-001  1.355250e+001  1.040681e+000
 8.836193e-001  1.359110e+001  1.041984e+000
 8.850604e-001  1.359410e+001  1.043253e+000
 8.865015e-001  1.426580e+001  1.042074e+000
 8.879427e-001  1.537150e+001  1.040904e+000
 8.893838e-001  1.460240e+001  1.037504e+000
 8.908249e-001  1.512070e+001  1.038926e+000
 8.922661e-001  1.391930e+001  1.037021e+000
 8.937072e-001  1.420400e+001  1.035264e+000
 8.951483e-001  1.599540e+001  1.035334e+000
 8.965894e-001  1.480170e+001  1.028524e+000
 8.980306e-001  1.317020e+001  1.034341e+000
 8.994717e-001  1.363860e+001  1.027826e+000
 9.009128e-001  1.374610e+001  1.029792e+000
 9.023539e-001  1.358480e+001  1.031860e+000
 9.037950e-001  1.545160e+001  1.022131e+000
 9.052362e-001  1.131950e+001  1.024626e+000
 9.066773e-001  1.565130e+001  1.026613e+000
 9.081184e-001  1.383720e+001  1.023912e+000
 9.095595e-001  1.321740e+001  1.022509e+000
 9.110006e-001  1.418710e+001  1.018811e+000
 9.124417e-001  1.574160e+001  1.021559e+000
 9.138828e-001  1.256620e+001  1.018317e+000
 9.153239e-001  1.131890e+001  1.018116e+000
 9.167650e-001  1.216070e+001  1.017023e+000
 9.182061e-001  1.127360e+001  1.010171e+000
 9.196472e-001  1.426930e+001  1.016495e+000
 9.210883e-001  1.388700e+001  1.014273e+000
 9.225294e-001  1.332320e+001  1.013553e+000
 9.239705e-001  1.331180e+001  1.011714e+000
 9.254116e-001  1.334470e+001  1.011934e+000
 9.268527e-001  1.243770e+001  1.011635e+000
 9.282938e-001  1.347490e+001  1.006590e+000
 9.297349e-001  1.380570e+001  1.008898e+000
 9.311759e-001  1.431590e+001  1.013357e+000
 9.326170e-001  1.313740e+001  1.007528e+000
 9.340581e-001  1.165030e+001  1.004056e+000
 9.354992e-001  1.258610e+001  1.003075e+000
 9.369403e-001  1.138000e+001  1.006609e+000
 9.383813e-001  1.103730e+001  1.003100e+000
 9.398224e-001  1.190040e+001  1.002842e+000
 9.412635e-001  1.162770e+001  9.988090e-001
 9.427046e-001  1.170320e+001  9.970858e-001
 9.441456e-001  1.331740e+001  9.989921e-001
 9.455867e-001  1.300370e+001  1.000496e+000
 9.470278e-001  1.260180e+001  9.967011e-001
 9.484688e-001  1.068030e+001  9.925897e-001
 9.499099e-001  1.312310e+001  1.009913e+000
 9.513509e-001  1.245340e+001  1.006033e+000
 9.527920e-001  1.285990e+001  1.011197e+000
 9.542331e-001  1.036320e+001  1.008173e+000
 9.556741e-001  1.022450e+001  1.013608e+000
 9.571152e-001  1.059460e+001  1.016358e+000
 9.585562e-001  1.132010e+001  1.011895e+000
 9.599973e-001  1.149320e+001  1.013121e+000
 9.614383e-001  1.284210e+001  1.012804e+000
 9.628794e-001  1.158160e+001  1.014720e+000
 9.643204e-001  1.199260e+001  1.016158e+000
 9.657615e-001  9.942400e+000  1.009572e+000
 9.672025e-001  9.903900e+000  1.012968e+000
 9.686435e-001  1.083490e+001  1.016090e+000
 9.700846e-001  1.078810e+001  9.972232e-001
 9.715256e-001  1.052000e+001  1.000545e+000
 9.729666e-001  9.675900e+000  9.923334e-001
 9.744077e-001  1.032670e+001  9.959093e-001
 9.758487e-001  1.053980e+001  9.933918e-001
 9.772897e-001  1.083260e+001  9.868034e-001
 9.787308e-001  8.868300e+000  9.896727e-001
 9.801718e-001  1.052890e+001  9.846731e-001
 9.816128e-001  9.233000e+000  9.921554e-001
 9.830538e-001  1.090660e+001  9.875865e-001
 9.844949e-001  1.045710e+001  9.841656e-001
 9.859359e-001  1.058170e+001  9.846047e-001
 9.873769e-001  8.279100e+000  9.848565e-001
 9.888179e-001  9.842400e+000  9.832869e-001
 9.902589e-001  7.956500e+000  9.808486e-001
 9.916999e-001  1.047110e+001  9.821723e-001
 9.931409e-001  1.184650e+001  9.830580e-001
 9.945819e-001  8.028700e+000  9.777419e-001
 9.960230e-001  9.507400e+000  9.750707e-001
 9.974640e-001  8.653600e+000  9.751527e-001
 9.989050e-001  8.257200e+000  9.798477e-001
 1.000346e+000  9.340700e+000  9.774820e-001
 1.001787e+000  9.523500e+000  9.723250e-001
 1.003228e+000  9.244400e+000  9.735633e-001
 1.004669e+000  8.449500e+000  9.743852e-001
 1.006110e+000  7.701400e+000  9.714556e-001
 1.007551e+000  8.878700e+000  9.688443e-001
 1.008992e+000  8.186800e+000  9.705965e-001
 1.010433e+000  7.778600e+000  9.670084e-001
 1.011874e+000  8.649700e+000  9.674133e-001
 1.013315e+000  8.471400e+000  9.649622e-001
 1.014756e+000  7.365300e+000  9.633934e-001
 1.016197e+000  4.580700e+000  9.637329e-001
 1.017638e+000  6.526600e+000  9.615520e-001
 1.019079e+000  7.441900e+000  9.630078e-001
 1.020520e+000  5.817000e+000  9.551868e-001
 1.021961e+000  6.875900e+000  9.550304e-001
 1.023402e+000  6.493400e+000  9.602541e-001
 1.024843e+000  8.686800e+000  9.480062e-001
 1.026284e+000  6.013000e+000  9.550076e-001
 1.027725e+000  6.256500e+000  9.497048e-001
 1.029166e+000  6.185100e+000  9.501934e-001
 1.030607e+000  6.909600e+000  9.530069e-001
 1.032048e+000  6.341000e+000  9.477065e-001
 1.033488e+000  7.511300e+000  9.490695e-001
 1.034929e+000  5.244400e+000  9.459135e-001
 1.036370e+000  6.732800e+000  9.556942e-001
 1.037811e+000  6.293900e+000  9.595726e-001
 1.039252e+000  4.947200e+000  9.526793e-001
 1.040693e+000  5.437100e+000  9.666711e-001
 1.042134e+000  5.378600e+000  9.561743e-001
 1.043575e+000  6.503500e+000  9.634467e-001
 1.045016e+000  4.932100e+000  9.647815e-001
 1.046457e+000  6.318100e+000  9.630666e-001
 1.047898e+000  4.833700e+000  9.650917e-001
 1.049339e+000  6.403200e+000  9.634259e-001
 1.050780e+000  7.191200e+000  9.672769e-001
 1.052221e+000  6.494500e+000  9.654460e-001
 1.053662e+000  4.070600e+000  9.662029e-001
 1.055103e+000  3.881100e+000  9.622775e-001
 1.056544e+000  4.330700e+000  9.650307e-001
 1.057984e+000  6.316700e+000  9.642023e-001
 1.059425e+000  4.364000e+000  9.649431e-001
 1.060866e+000  5.137000e+000  9.655269e-001
 1.062307e+000  5.527900e+000  9.624458e-001
 1.063748e+000  4.307400e+000  9.651209e-001
 1.065189e+000  4.638900e+000  9.660785e-001
 1.066630e+000  5.561300e+000  9.671940e-001
 1.068071e+000  5.546100e+000  9.613375e-001
 1.069512e+000  3.579400e+000  9.674487e-001
 1.070953e+000  3.093700e+000  9.704622e-001
 1.072394e+000  4.137000e+000  9.644899e-001
 1.073835e+000  3.642700e+000  9.679808e-001
 1.075275e+000  3.767400e+000  9.651163e-001
 1.076716e+000  5.668000e+000  9.697599e-001
 1.078157e+000  2.366800e+000  9.658624e-001
 1.079598e+000  3.278200e+000  9.668482e-001
 1.081039e+000  4.265300e+000  9.698738e-001
 1.082480e+000  2.893100e+000  9.698746e-001
 1.083921e+000  5.201200e+000  9.699142e-001
 1.085362e+000  2.640800e+000  9.695776e-001
 1.086803e+000  4.394800e+000  9.644689e-001
 1.088243e+000  4.499800e+000  9.716604e-001
 1.089684e+000  2.450600e+000  9.692466e-001
 1.091125e+000  6.066000e+000  9.677826e-001
 1.092566e+000  1.219400e+000  9.681936e-001
 1.094007e+000  1.809500e+000  9.675423e-001
 1.095448e+000  2.191700e+000  9.680554e-001
 1.096889e+000  4.890100e+000  9.711290e-001
 1.098330e+000  4.138700e+000  9.633045e-001
 1.099770e+000  2.964300e+000  9.695388e-001
 1.101211e+000  2.337400e+000  9.692044e-001
 1.102652e+000  3.590400e+000  9.666176e-001
 1.104093e+000  1.992600e+000  9.634393e-001
 1.105534e+000  2.527700e+000  9.510043e-001
 1.106975e+000  2.982100e+000  9.586103e-001
 1.108416e+000  2.752000e+000  9.515728e-001
 1.109856e+000  4.460400e+000  9.454000e-001
 1.111297e+000  2.058300e+000  9.451416e-001
 1.112738e+000  2.528600e+000  9.389467e-001
 1.114179e+000  2.705400e+000  9.450517e-001
 1.115620e+000  2.139800e+000  9.355959e-001
 1.117061e+000  1.673400e+000  9.357348e-001
 1.118502e+000  1.848800e+000  9.369416e-001
 1.119942e+000  1.331600e+000  9.321138e-001
 1.121383e+000  2.259700e+000  9.325455e-001
 1.122824e+000  1.155500e+000  9.275744e-001
 1.124265e+000  2.342100e+000  9.312364e-001
 1.125706e+000  3.251500e+000  9.294492e-001
 1.127147e+000  1.619900e+000  9.248425e-001
 1.128587e+000  1.452500e+000  9.247500e-001
 1.130028e+000  2.315300e+000  9.227890e-001
 1.131469e+000  1.727200e+000  9.218658e-001
 1.132910e+000  1.211500e+000  9.238028e-001
 1.134351e+000  2.345600e+000  9.209260e-001
 1.135792e+000  1.737100e+000  9.200699e-001
 1.137232e+000  2.101000e-001  9.154940e-001
 1.138673e+000  9.690000e-001  9.165494e-001
 1.140114e+000  8.638000e-001  9.145111e-001
 1.141555e+000  7.259000e-001  9.140602e-001
 1.142996e+000  2.030100e+000  9.144754e-001
 1.144436e+000  5.278000e-001  9.077530e-001
 1.145877e+000  1.445700e+000  9.112941e-001
 1.147318e+000  8.106000e-001  9.084466e-001
 1.148759e+000  7.744000e-001  9.092766e-001
 1.150200e+000  3.173000e-001  9.078974e-001
 1.151640e+000  1.584500e+000  9.098442e-001
 1.153081e+000  1.991900e+000  9.028570e-001
 1.154522e+000  7.839000e-001  9.053452e-001
 1.155963e+000  6.545000e-001  9.008418e-001
 1.157404e+000  1.741000e-001  9.029425e-001
 1.158844e+000  1.451700e+000  9.059647e-001
 1.160285e+000  2.696700e+000  8.979018e-001
 1.161726e+000  1.643600e+000  9.005834e-001
 1.163167e+000  1.195500e+000  8.986249e-001
 1.164607e+000  1.083200e+000  8.979814e-001
 1.166048e+000 -5.892000e-001  8.993719e-001
 1.167489e+000  1.112000e-001  8.935786e-001
 1.168930e+000  1.976200e+000  8.983413e-001
 1.170371e+000  3.730000e-002  8.933765e-001
 1.171811e+000  8.253000e-001  8.917562e-001
 1.173252e+000  8.396000e-001  8.976457e-001
 1.174693e+000 -1.499000e-001  8.898773e-001
 1.176134e+000  1.079600e+000  8.985437e-001
 1.177574e+000 -1.343000e-001  8.964736e-001
 1.179015e+000  2.850000e-002  8.952759e-001
 1.180456e+000  9.953000e-001  8.965794e-001
 1.181897e+000  1.033500e+000  8.941624e-001
 1.183337e+000  1.196100e+000  9.035224e-001
 1.184778e+000  1.447600e+000  8.956191e-001
 1.186219e+000  8.227000e-001  8.941832e-001
 1.187660e+000 -1.568000e-001  8.995817e-001
 1.189100e+000  7.477000e-001  8.952651e-001
 1.190541e+000  5.069000e-001  8.975187e-001
 1.191982e+000  1.277800e+000  8.959889e-001
 1.193423e+000 -6.641000e-001  9.007162e-001
 1.194863e+000  1.364900e+000  8.982198e-001
 1.196304e+000  1.644100e+000  8.929336e-001
 1.197745e+000 -6.650000e-002  8.939871e-001
 1.199185e+000 -3.219000e-001  8.902428e-001
 1.200626e+000  8.052000e-001  8.900178e-001
 1.202067e+000  8.110000e-002  8.927859e-001
 1.203508e+000  5.707000e-001  8.877262e-001
 1.204948e+000  2.067000e-001  8.908604e-001
 1.206389e+000  1.470000e-002  8.881520e-001
 1.207830e+000  1.008000e-001  8.872949e-001
 1.209270e+000  1.334800e+000  8.867672e-001
 1.210711e+000  8.221000e-001  8.827862e-001
 1.212152e+000  9.904000e-001  8.863626e-001
 1.213593e+000  1.613400e+000  8.827692e-001
 1.215033e+000  3.630000e-001  8.795918e-001
 1.216474e+000  1.319200e+000  8.821845e-001
 1.217915e+000 -1.590600e+000  8.792544e-001
 1.219355e+000 -1.970000e-002  8.775353e-001
 1.220796e+000  4.132000e-001  8.764038e-001
 1.222237e+000 -1.129700e+000  8.760928e-001
 1.223677e+000 -9.040000e-002  8.766337e-001
 1.225118e+000  4.051000e-001  8.759482e-001
 1.226559e+000  7.320000e-002  8.735403e-001
 1.227999e+000  6.598000e-001  8.732520e-001
 1.229440e+000  3.536000e-001  8.698258e-001
 1.230881e+000  1.729400e+000  8.744704e-001
 1.232321e+000  2.645000e-001  8.690821e-001
 1.233762e+000  5.185000e-001  8.691444e-001
 1.235203e+000  2.947000e-001  8.704545e-001
 1.236643e+000  2.035300e+000  8.689223e-001
 1.238084e+000  1.903300e+000  8.677306e-001
 1.239525e+000  2.072700e+000  8.667744e-001
 1.240965e+000  6.166000e-001  8.668874e-001
 1.242406e+000  1.157700e+000  8.685889e-001
 1.243847e+000 -3.413000e-001  8.645859e-001
 1.245287e+000  8.146000e-001  8.632086e-001
 1.246728e+000  1.437000e-001  8.620493e-001
 1.248169e+000  7.230000e-001  8.633606e-001
 1.249609e+000  7.911000e-001  8.628245e-001
 1.251050e+000  1.366000e-001  8.599370e-001
 1.252491e+000  8.354000e-001  8.622254e-001
 1.253931e+000  6.974000e-001  8.578693e-001
 1.255372e+000  7.476000e-001  8.605517e-001
 1.256813e+000  2.313000e+000  8.606465e-001
 1.258253e+000  1.354500e+000  8.537916e-001
 1.259694e+000 -6.014000e-001  8.556832e-001
 1.261134e+000  6.690000e-002  8.565401e-001
 1.262575e+000  2.258200e+000  8.511139e-001
 1.264016e+000 -1.382000e-001  8.538863e-001
 1.265456e+000  7.541000e-001  8.509994e-001
 1.266897e+000 -6.351000e-001  8.544457e-001
 1.268338e+000  1.267500e+000  8.482356e-001
 1.269778e+000 -4.021000e-001  8.500919e-001
 1.271219e+000  1.616800e+000  8.508919e-001
 1.272659e+000 -4.469000e-001  8.468145e-001
 1.274100e+000  1.370000e-001  8.478728e-001
 1.275541e+000  1.191400e+000  8.490982e-001
 1.276981e+000  4.253000e-001  8.492542e-001
 1.278422e+000  4.500000e-001  8.465603e-001
 1.279862e+000  1.161200e+000  8.456121e-001
 1.281303e+000  1.809600e+000  8.485457e-001
 1.282744e+000  6.810000e-001  8.446493e-001
 1.284184e+000  7.351000e-001  8.474369e-001
 1.285625e+000  1.075000e+000  8.454040e-001
 1.287065e+000  1.466300e+000  8.441986e-001
 1.288506e+000 -1.535000e-001  8.431428e-001
 1.289947e+000  4.329000e-001  8.436054e-001
 1.291387e+000  1.028900e+000  8.443970e-001
 1.292828e+000  1.190000e-001  8.432814e-001
 1.294268e+000  1.095200e+000  8.433635e-001
 1.295709e+000  1.133100e+000  8.403020e-001
 1.297149e+000  3.013000e-001  8.412252e-001
 1.298590e+000  2.251500e+000  8.414206e-001
 1.300031e+000  8.607000e-001  8.393677e-001
 1.301471e+000  1.844200e+000  8.420800e-001
 1.302912e+000  5.946000e-001  8.365179e-001
 1.304352e+000  1.431100e+000  8.387363e-001
 1.305793e+000  7.206000e-001  8.352235e-001
 1.307233e+000  1.427900e+000  8.362368e-001
 1.308674e+000  2.057700e+000  8.379445e-001
 1.310114e+000  1.732900e+000  8.369011e-001
 1.311555e+000  1.793200e+000  8.358555e-001
 1.312996e+000  8.100000e-001  8.350844e-001
 1.314436e+000  2.333500e+000  8.337976e-001
 1.315877e+000  3.100000e+000  8.338679e-001
 1.317317e+000 -1.538900e+000  8.300508e-001
 1.318758e+000  2.217500e+000  8.351338e-001
 1.320198e+000  8.968000e-001  8.276306e-001
 1.321639e+000  8.306000e-001  8.323183e-001
 1.323079e+000  2.622800e+000  8.313990e-001
 1.324520e+000  8.633000e-001  8.260047e-001
 1.325960e+000  2.431900e+000  8.332144e-001
 1.327401e+000  2.394800e+000  8.283311e-001
 1.328841e+000  1.748400e+000  8.286478e-001
 1.330282e+000  1.089100e+000  8.280338e-001
 1.331722e+000  3.068100e+000  8.245811e-001
 1.333163e+000  2.186200e+000  8.282294e-001
 1.334603e+000  1.140300e+000  8.250866e-001
 1.336044e+000  1.315400e+000  8.249836e-001
 1.337484e+000  8.829000e-001  8.257479e-001
 1.338925e+000  2.315800e+000  8.218676e-001
 1.340365e+000  2.071700e+000  8.265204e-001
 1.341806e+000  9.168000e-001  8.277888e-001
 1.343246e+000  1.412200e+000  8.310996e-001
 1.344687e+000  1.622400e+000  8.339387e-001
 1.346127e+000  3.416900e+000  8.355067e-001
 1.347568e+000  1.695900e+000  8.378113e-001
 1.349008e+000  1.361400e+000  8.360605e-001
 1.350449e+000  2.325000e+000  8.364666e-001
 1.351889e+000  2.065100e+000  8.399549e-001
 1.353330e+000  3.041600e+000  8.397110e-001
 1.354770e+000  1.869100e+000  8.400025e-001
 1.356211e+000  1.576600e+000  8.387859e-001
 1.357651e+000  2.591000e+000  8.423455e-001
 1.359092e+000  2.287100e+000  8.442825e-001
 1.360532e+000  2.240000e+000  8.410321e-001
 1.361973e+000  7.975000e-001  8.398008e-001
 1.363413e+000  3.744000e-001  8.419876e-001
 1.364854e+000  1.801700e+000  8.430174e-001
 1.366294e+000  3.108900e+000  8.431188e-001
 1.367734e+000  1.816200e+000  8.415990e-001
 1.369175e+000  3.502000e+000  8.450759e-001
 1.370615e+000  2.806600e+000  8.430188e-001
 1.372056e+000  9.451000e-001  8.417237e-001
 1.373496e+000  7.255000e-001  8.437293e-001
 1.374937e+000  1.514500e+000  8.452156e-001
 1.376377e+000  3.308600e+000  8.462275e-001
 1.377818e+000  1.745500e+000  8.467241e-001
 1.379258e+000  2.854400e+000  8.445537e-001
 1.380698e+000  2.925800e+000  8.450631e-001
 1.382139e+000  3.047300e+000  8.460839e-001
 1.383579e+000  2.761200e+000  8.451670e-001
 1.385020e+000  3.946800e+000  8.497432e-001
 1.386460e+000  1.433600e+000  8.415194e-001
 1.387900e+000  2.797500e+000  8.437213e-001
 1.389341e+000  1.593700e+000  8.452549e-001
 1.390781e+000  2.313100e+000  8.423326e-001
 1.392222e+000  1.584300e+000  8.450858e-001
 1.393662e+000  2.487400e+000  8.404541e-001
 1.395103e+000  1.627200e+000  8.480812e-001
 1.396543e+000  2.080200e+000  8.421260e-001
 1.397983e+000  2.766800e+000  8.416633e-001
 1.399424e+000  3.344400e+000  8.456205e-001
 1.400864e+000  2.754600e+000  8.438203e-001
 1.402305e+000  2.251000e+000  8.461647e-001
 1.403745e+000  2.221100e+000  8.432989e-001
 1.405185e+000  1.665700e+000  8.405778e-001
 1.406626e+000  2.637800e+000  8.425489e-001
 1.408066e+000  1.837300e+000  8.433689e-001
 1.409506e+000  3.084500e+000  8.420674e-001
 1.410947e+000  2.943200e+000  8.327681e-001
 1.412387e+000  2.920800e+000  8.326023e-001
 1.413828e+000  2.279900e+000  8.303245e-001
 1.415268e+000  1.739100e+000  8.241720e-001
 1.416708e+000  1.911300e+000  8.259971e-001
 1.418149e+000  2.301700e+000  8.223177e-001
 1.419589e+000  2.768600e+000  8.248633e-001
 1.421029e+000  2.112800e+000  8.216110e-001
 1.422470e+000  2.217300e+000  8.161704e-001
 1.423910e+000  3.821900e+000  8.191297e-001
 1.425350e+000  1.477300e+000  8.147138e-001
 1.426791e+000  2.039300e+000  8.192283e-001
 1.428231e+000  2.483400e+000  8.164468e-001
 1.429671e+000  1.298600e+000  8.108783e-001
 1.431112e+000  2.019800e+000  8.167923e-001
 1.432552e+000  2.083100e+000  8.136313e-001
 1.433992e+000  2.402100e+000  8.116949e-001
 1.435433e+000  2.581800e+000  8.122615e-001
 1.436873e+000  2.774400e+000  8.101494e-001
 1.438313e+000  2.674700e+000  8.108688e-001
 1.439754e+000  1.400900e+000  8.084428e-001
 1.441194e+000  2.202800e+000  8.094737e-001
 1.442634e+000  1.884300e+000  8.063503e-001
 1.444075e+000  2.989300e+000  8.088955e-001
 1.445515e+000  3.467500e+000  8.070704e-001
 1.446955e+000  2.351900e+000  8.054323e-001
 1.448396e+000  1.003600e+000  8.017438e-001
 1.449836e+000  3.098300e+000  8.051206e-001
 1.451276e+000  3.671800e+000  8.044241e-001
 1.452717e+000  1.614800e+000  8.014171e-001
 1.454157e+000  1.180000e+000  8.029408e-001
 1.455597e+000  2.197800e+000  7.986147e-001
 1.457037e+000  2.802900e+000  8.026146e-001
 1.458478e+000  4.243900e+000  8.005835e-001
 1.459918e+000  9.280000e-001  7.953427e-001
 1.461358e+000  3.670000e+000  8.025336e-001
 1.462799e+000  3.070300e+000  7.974999e-001
 1.464239e+000  2.571100e+000  7.988543e-001
 1.465679e+000  4.554400e+000  7.980000e-001
 1.467119e+000  1.331700e+000  7.943664e-001
 1.468560e+000  1.842500e+000  8.002660e-001
 1.470000e+000  2.923800e+000  7.933872e-001
 1.471440e+000  3.294600e+000  7.971919e-001
 1.472881e+000  2.819100e+000  7.922328e-001
 1.474321e+000  3.479000e+000  7.943574e-001
 1.475761e+000  1.067300e+000  7.945126e-001
 1.477201e+000  1.544900e+000  7.905885e-001
 1.478642e+000  3.450500e+000  7.927966e-001
 1.480082e+000  1.800700e+000  7.884073e-001
 1.481522e+000  1.376300e+000  7.897728e-001
 1.482962e+000  1.673200e+000  7.922989e-001
 1.484403e+000  2.359500e+000  7.883038e-001
 1.485843e+000  2.178300e+000  7.904463e-001
 1.487283e+000  2.956500e+000  7.891787e-001
 1.488723e+000  2.501900e+000  7.897556e-001
 1.490163e+000  2.849600e+000  7.867645e-001
 1.491604e+000  2.814100e+000  7.878796e-001
 1.493044e+000  4.617500e+000  7.876287e-001
 1.494484e+000  3.069200e+000  7.871894e-001
 1.495924e+000  2.848700e+000  7.840416e-001
 1.497365e+000  1.264600e+000  7.849062e-001
 1.498805e+000  3.908200e+000  7.862602e-001
 1.500245e+000  1.503900e+000  7.833039e-001
 1.501685e+000  2.068500e+000  7.855825e-001
 1.503125e+000  3.782700e+000  7.818984e-001
 1.504566e+000  1.738700e+000  7.816841e-001
 1.506006e+000  3.164000e+000  7.817320e-001
 1.507446e+000  2.544000e+000  7.791000e-001
 1.508886e+000  2.450300e+000  7.824620e-001
 1.510326e+000  1.916800e+000  7.770945e-001
 1.511767e+000  1.388000e+000  7.809869e-001
 1.513207e+000  3.362700e+000  7.799433e-001
 1.514647e+000  1.885900e+000  7.775025e-001
 1.516087e+000  2.342800e+000  7.776806e-001
 1.517527e+000  2.301100e+000  7.778388e-001
 1.518968e+000  6.314000e-001  7.756745e-001
 1.520408e+000  1.547500e+000  7.753411e-001
 1.521848e+000  2.641300e+000  7.751077e-001
 1.523288e+000  2.234000e+000  7.765704e-001
 1.524728e+000  3.134600e+000  7.746513e-001
 1.526168e+000  1.087000e+000  7.735196e-001
 1.527609e+000  1.903700e+000  7.736209e-001
 1.529049e+000  2.832500e+000  7.745386e-001
 1.530489e+000  3.011200e+000  7.717683e-001
 1.531929e+000  1.056800e+000  7.710862e-001
 1.533369e+000  1.492100e+000  7.712589e-001
 1.534809e+000  2.700800e+000  7.713644e-001
 1.536249e+000  2.431800e+000  7.689736e-001
 1.537690e+000  1.150900e+000  7.704488e-001
 1.539130e+000  2.523400e+000  7.707777e-001
 1.540570e+000  1.800000e+000  7.670557e-001
 1.542010e+000  1.992900e+000  7.692761e-001
 1.543450e+000  8.945000e-001  7.663341e-001
 1.544890e+000  1.160100e+000  7.678466e-001
 1.546330e+000  3.829000e+000  7.678727e-001
 1.547770e+000  2.038400e+000  7.656520e-001
 1.549211e+000  2.213000e+000  7.671574e-001
 1.550651e+000  1.639400e+000  7.627441e-001
 1.552091e+000  1.354100e+000  7.665842e-001
 1.553531e+000  1.915600e+000  7.635517e-001
 1.554971e+000  8.402000e-001  7.626644e-001
 1.556411e+000  2.355600e+000  7.635581e-001
 1.557851e+000  1.303000e+000  7.607419e-001
 1.559291e+000  2.481600e+000  7.671216e-001
 1.560731e+000  1.651000e+000  7.597117e-001
 1.562171e+000  1.515300e+000  7.617297e-001
 1.563612e+000  1.447300e+000  7.615249e-001
 1.565052e+000  1.325300e+000  7.567716e-001
 1.566492e+000  2.611100e+000  7.616037e-001
 1.567932e+000  2.572600e+000  7.574173e-001
 1.569372e+000  2.340400e+000  7.618933e-001
 1.570812e+000  2.160400e+000  7.582756e-001
 1.572252e+000  2.555200e+000  7.551368e-001
 1.573692e+000  2.267000e+000  7.578511e-001
 1.575132e+000  9.716000e-001  7.540808e-001
 1.576572e+000  9.587000e-001  7.565848e-001
 1.578012e+000  2.930500e+000  7.560473e-001
 1.579452e+000  1.619500e+000  7.526957e-001
 1.580892e+000  2.447700e+000  7.552002e-001
 1.582332e+000  1.916400e+000  7.509038e-001
 1.583773e+000  1.221100e+000  7.519194e-001
 1.585213e+000  2.432800e+000  7.539362e-001
 1.586653e+000  1.722100e+000  7.519431e-001
 1.588093e+000  2.905000e-001  7.518002e-001
 1.589533e+000  1.970300e+000  7.504643e-001
 1.590973e+000  9.360000e-001  7.504502e-001
 1.592413e+000  1.899700e+000  7.493721e-001
 1.593853e+000  1.403800e+000  7.499551e-001
 1.595293e+000  2.216200e+000  7.484593e-001
 1.596733e+000  1.201600e+000  7.517784e-001
 1.598173e+000  1.227900e+000  7.457824e-001
 1.599613e+000  2.466400e+000  7.477211e-001
 1.601053e+000  2.522300e+000  7.451688e-001
 1.602493e+000  1.563000e+000  7.479185e-001
 1.603933e+000  9.322000e-001  7.496456e-001
 1.605373e+000  1.678400e+000  7.447523e-001
 1.606813e+000  1.128100e+000  7.443441e-001
 1.608253e+000  1.479200e+000  7.442078e-001
 1.609693e+000  5.414000e-001  7.435268e-001
 1.611133e+000  6.036000e-001  7.466795e-001
 1.612573e+000  4.834000e-001  7.417191e-001
 1.614013e+000  1.915800e+000  7.433683e-001
 1.615453e+000  9.007000e-001  7.450787e-001
 1.616893e+000  3.245500e+000  7.426119e-001
 1.618333e+000  2.625000e-001  7.426528e-001
 1.619773e+000  6.663000e-001  7.403264e-001
 1.621213e+000  2.212700e+000  7.455514e-001
 1.622653e+000  9.575000e-001  7.427038e-001
 1.624093e+000  1.437400e+000  7.379253e-001
 1.625533e+000  1.383700e+000  7.419600e-001
 1.626973e+000  1.471200e+000  7.401964e-001
 1.628413e+000  1.379500e+000  7.413819e-001
 1.629853e+000  4.286000e-001  7.395706e-001
 1.631293e+000  1.987900e+000  7.383377e-001
 1.632732e+000  6.385000e-001  7.403392e-001
 1.634172e+000  1.384800e+000  7.372773e-001
 1.635612e+000  9.331000e-001  7.387688e-001
 1.637052e+000  2.435000e+000  7.366198e-001
 1.638492e+000  1.919000e-001  7.362793e-001
 1.639932e+000  2.027600e+000  7.377942e-001
 1.641372e+000  9.561000e-001  7.371812e-001
 1.642812e+000  2.115200e+000  7.338984e-001
 1.644252e+000  2.071200e+000  7.356792e-001
 1.645692e+000  4.689000e-001  7.363972e-001
 1.647132e+000 -5.390000e-002  7.391505e-001
 1.648572e+000  2.270400e+000  7.421420e-001
 1.650012e+000  1.816200e+000  7.400115e-001
 1.651452e+000  5.495000e-001  7.449547e-001
 1.652891e+000 -4.420000e-001  7.459391e-001
 1.654331e+000  2.307700e+000  7.434593e-001
 1.655771e+000  1.757600e+000  7.517972e-001
 1.657211e+000  4.078000e-001  7.552601e-001
 1.658651e+000  1.610700e+000  7.596077e-001
 1.660091e+000  1.375800e+000  7.589358e-001
 1.661531e+000  1.632300e+000  7.593549e-001
 1.662971e+000  1.322700e+000  7.619037e-001
 1.664411e+000  1.735400e+000  7.627077e-001
 1.665851e+000  8.501000e-001  7.619699e-001
 1.667290e+000  1.075900e+000  7.628101e-001
 1.668730e+000 -1.373000e-001  7.630766e-001
 1.670170e+000  7.772000e-001  7.706917e-001
 1.671610e+000 -8.750000e-002  7.656277e-001
 1.673050e+000  1.531900e+000  7.707197e-001
 1.674490e+000  8.089000e-001  7.685858e-001
 1.675930e+000  2.314600e+000  7.745494e-001
 1.677369e+000  1.024000e-001  7.731340e-001
 1.678809e+000  1.046600e+000  7.712225e-001
 1.680249e+000  4.550000e-001  7.781148e-001
 1.681689e+000  6.805000e-001  7.758131e-001
 1.683129e+000  1.896000e+000  7.787261e-001
 1.684569e+000  6.273000e-001  7.774423e-001
 1.686009e+000  1.202800e+000  7.764787e-001
 1.687448e+000  1.453800e+000  7.819222e-001
 1.688888e+000 -2.794000e-001  7.818362e-001
 1.690328e+000  9.580000e-001  7.809890e-001
 1.691768e+000 -1.045900e+000  7.811127e-001
 1.693208e+000  7.563000e-001  7.800627e-001
 1.694647e+000  3.259000e-001  7.864337e-001
 1.696087e+000 -1.671000e-001  7.829524e-001
 1.697527e+000  2.273200e+000  7.850688e-001
 1.698967e+000  5.301000e-001  7.861464e-001
 1.700407e+000  1.133100e+000  7.852133e-001
 1.701847e+000 -1.792000e-001  7.895691e-001
 1.703286e+000  1.431000e+000  7.858298e-001
 1.704726e+000 -1.864000e-001  7.911967e-001
 1.706166e+000  8.344000e-001  7.884744e-001
 1.707606e+000 -1.270000e-001  7.898092e-001
 1.709046e+000  5.502000e-001  7.929654e-001
 1.710485e+000 -2.510000e-002  7.876335e-001
 1.711925e+000  1.325100e+000  7.948388e-001
 1.713365e+000  3.147000e-001  7.920975e-001
 1.714805e+000  1.342000e-001  7.897289e-001
 1.716244e+000  8.001000e-001  7.920627e-001
 1.717684e+000  5.234000e-001  7.892472e-001
 1.719124e+000  5.740000e-001  7.949795e-001
 1.720564e+000 -3.235000e-001  7.927353e-001
 1.722003e+000  7.900000e-002  7.898534e-001
 1.723443e+000  3.334000e-001  7.955778e-001
 1.724883e+000 -6.619000e-001  7.910352e-001
 1.726323e+000  5.000000e-001  7.932398e-001
 1.727762e+000  1.827300e+000  7.953997e-001
 1.729202e+000 -2.541000e-001  7.946097e-001
 1.730642e+000  5.405000e-001  7.978021e-001
 1.732082e+000  1.187400e+000  7.937581e-001
 1.733521e+000  3.614000e-001  7.962523e-001
 1.734961e+000 -1.887000e-001  7.976825e-001
 1.736401e+000  8.261000e-001  7.959671e-001