2.92059962E-03  1.51419796E+00  1.27394160E-01
3.04488046E-03  1.48553631E+00  9.26720718E-02
3.16916129E-03  1.55294562E+00  6.64635555E-02
3.29344213E-03  1.61182691E+00  5.45328509E-02
3.41772296E-03  1.59181835E+00  5.14608129E-02
3.54200380E-03  1.54708686E+00  4.78747544E-02
3.66628463E-03  1.50861014E+00  4.53969647E-02
3.79056547E-03  1.48016943E+00  4.03211600E-02
3.91484630E-03  1.59216973E+00  3.98838774E-02
4.03912714E-03  1.57442916E+00  3.83609658E-02
4.16340797E-03  1.53244410E+00  3.62713726E-02
4.28768881E-03  1.55902081E+00  3.42664820E-02
4.41196964E-03  1.53941150E+00  3.31865432E-02
4.53625048E-03  1.51735506E+00  3.22242774E-02
4.66053131E-03  1.51445436E+00  3.12773714E-02
4.78481215E-03  1.55351861E+00  2.98600025E-02
4.90909298E-03  1.51135774E+00  2.89217866E-02
5.03337382E-03  1.47961116E+00  2.84414999E-02
5.15765465E-03  1.54443713E+00  2.79524949E-02
5.28193549E-03  1.53810028E+00  2.67919154E-02
5.40621632E-03  1.57872416E+00  2.59923555E-02
5.53049716E-03  1.50049428E+00  2.57091561E-02
5.65477799E-03  1.53266733E+00  2.48908293E-02
5.77905883E-03  1.57023771E+00  2.48313480E-02
5.90333966E-03  1.55601918E+00  2.37822662E-02
6.02762050E-03  1.47344729E+00  2.37134744E-02
6.15190133E-03  1.53219500E+00  2.33060355E-02
6.27618217E-03  1.55680639E+00  2.26888520E-02
6.40046300E-03  1.49100383E+00  2.25637471E-02
6.52474384E-03  1.54391699E+00  2.18255192E-02
6.64902468E-03  1.52005089E+00  2.18902509E-02
6.77330551E-03  1.49122050E+00  2.13685907E-02
6.89758635E-03  1.52233125E+00  2.10727653E-02
7.02186718E-03  1.51551198E+00  2.08979694E-02
7.14614802E-03  1.49269269E+00  2.03958112E-02
7.27042885E-03  1.48909735E+00  2.04884653E-02
7.39470969E-03  1.55996802E+00  2.00085409E-02
7.51899052E-03  1.53407959E+00  1.97309214E-02
7.64327136E-03  1.46756017E+00  1.98443849E-02
7.76755219E-03  1.51031398E+00  1.92307116E-02
7.89183303E-03  1.51593312E+00  1.93823239E-02
8.01611386E-03  1.49502338E+00  1.86722184E-02
8.14039470E-03  1.47820077E+00  1.86667732E-02
8.26467553E-03  1.48756382E+00  1.86532419E-02
8.38895637E-03  1.53253792E+00  1.83760352E-02
8.51323720E-03  1.49583037E+00  1.82477962E-02
8.63751804E-03  1.53394852E+00  1.79016284E-02
8.76179887E-03  1.48210767E+00  1.78901110E-02
8.88607971E-03  1.50038443E+00  1.75824914E-02
9.01036054E-03  1.46199666E+00  1.75133338E-02
9.13464138E-03  1.47245018E+00  1.72468893E-02
9.25892221E-03  1.48192619E+00  1.71215498E-02
9.38320305E-03  1.50608099E+00  1.71238032E-02
9.50748388E-03  1.48631024E+00  1.69419786E-02
9.63176472E-03  1.48450805E+00  1.66602892E-02
9.75604555E-03  1.47714902E+00  1.67110324E-02
9.88032639E-03  1.45139933E+00  1.63094051E-02
1.00046072E-02  1.49682390E+00  1.64626234E-02
1.01288881E-02  1.48565042E+00  1.61055260E-02
1.02531689E-02  1.47326664E+00  1.60047951E-02
1.03774497E-02  1.51279738E+00  1.60698532E-02
1.05017306E-02  1.46685429E+00  1.57340072E-02
1.06260114E-02  1.47525634E+00  1.58557540E-02
1.07502922E-02  1.48912968E+00  1.55001704E-02
1.08745731E-02  1.47253071E+00  1.55101602E-02
1.09988539E-02  1.45407093E+00  1.54431196E-02
1.11231347E-02  1.46480024E+00  1.52104698E-02
1.12474156E-02  1.49355157E+00  1.51367163E-02
1.13716964E-02  1.47430564E+00  1.50602331E-02
1.14959772E-02  1.48162195E+00  1.50746541E-02
1.16202581E-02  1.50254621E+00  1.49070224E-02
1.17445389E-02  1.47682403E+00  1.47022164E-02
1.18688197E-02  1.48074150E+00  1.46949371E-02
1.19931006E-02  1.48787054E+00  1.46034539E-02
1.21173814E-02  1.49977095E+00  1.45301884E-02
1.22416623E-02  1.48235582E+00  1.44402559E-02
1.23659431E-02  1.45098525E+00  1.42176508E-02
1.24902239E-02  1.48450694E+00  1.43254021E-02
1.26145048E-02  1.48554094E+00  1.41379305E-02
1.27387856E-02  1.44964037E+00  1.41359178E-02
1.28630664E-02  1.45181222E+00  1.39008061E-02
1.29873473E-02  1.46639363E+00  1.39238023E-02
1.31116281E-02  1.46274739E+00  1.37490733E-02
1.32359089E-02  1.50562283E+00  1.38520737E-02
1.33601898E-02  1.45999421E+00  1.36186884E-02
1.34844706E-02  1.47797327E+00  1.35657997E-02
1.36087514E-02  1.46626315E+00  1.36231634E-02
1.37330323E-02  1.43752707E+00  1.33625276E-02
1.38573131E-02  1.44297315E+00  1.33854646E-02
1.39815939E-02  1.46211563E+00  1.32714595E-02
1.41058748E-02  1.48421025E+00  1.32504208E-02
1.42301556E-02  1.45165050E+00  1.32590622E-02
1.43544364E-02  1.44205602E+00  1.30467164E-02
1.44787173E-02  1.46620395E+00  1.29723013E-02
1.46029981E-02  1.45782723E+00  1.30590388E-02
1.47272790E-02  1.47517542E+00  1.29046642E-02
1.48515598E-02  1.46607744E+00  1.28822672E-02
1.49758406E-02  1.47248519E+00  1.27021885E-02
1.51001215E-02  1.44489204E+00  1.28088427E-02
1.52244023E-02  1.46212551E+00  1.26885542E-02
1.53486831E-02  1.44239653E+00  1.25750083E-02
1.54729640E-02  1.44131623E+00  1.24596410E-02
1.55972448E-02  1.43939293E+00  1.24656238E-02
1.57215256E-02  1.45189157E+00  1.25929492E-02
1.58458065E-02  1.45321785E+00  1.23353024E-02
1.59700873E-02  1.44469057E+00  1.23631108E-02
1.60943681E-02  1.43634192E+00  1.22201227E-02
1.62186490E-02  1.42792447E+00  1.21695586E-02
1.63429298E-02  1.40842023E+00  1.22023918E-02
1.64672106E-02  1.42642489E+00  1.20621522E-02
1.65914915E-02  1.42963690E+00  1.19922672E-02
1.67157723E-02  1.45363580E+00  1.19848711E-02
1.68400531E-02  1.43684909E+00  1.19756591E-02
1.69643340E-02  1.44880994E+00  1.19889436E-02
1.70886148E-02  1.42944155E+00  1.17187655E-02
1.72128957E-02  1.42561466E+00  1.18713939E-02
1.73371765E-02  1.43897513E+00  1.17884912E-02
1.74614573E-02  1.42099951E+00  1.16662943E-02
1.75857382E-02  1.44301262E+00  1.16844113E-02
1.77100190E-02  1.43449388E+00  1.15216852E-02
1.78342998E-02  1.41294323E+00  1.16356548E-02
1.79585807E-02  1.41087929E+00  1.14696866E-02
1.80828615E-02  1.44241344E+00  1.14967184E-02
1.82071423E-02  1.42409435E+00  1.14530047E-02
1.83314232E-02  1.43475237E+00  1.13124508E-02
1.84557040E-02  1.41945585E+00  1.13801655E-02
1.85799848E-02  1.45369408E+00  1.12865432E-02
1.87042657E-02  1.42177377E+00  1.12159346E-02
1.88285465E-02  1.43869165E+00  1.12512438E-02
1.89528273E-02  1.43088581E+00  1.12006002E-02
1.90771082E-02  1.41964150E+00  1.11398073E-02
1.92013890E-02  1.41205725E+00  1.10382837E-02
1.93256699E-02  1.39728803E+00  1.10512750E-02
1.94499507E-02  1.42338150E+00  1.10217519E-02
1.95742315E-02  1.41879362E+00  1.09302526E-02
1.96985124E-02  1.42687189E+00  1.09761529E-02
1.98227932E-02  1.39912079E+00  1.08163683E-02
1.99470740E-02  1.41603910E+00  1.09041553E-02
2.00713549E-02  1.40677973E+00  1.08295769E-02
2.01956357E-02  1.40715624E+00  1.07812048E-02
2.03199165E-02  1.40102707E+00  1.06553574E-02
2.04441974E-02  1.39461062E+00  1.06833277E-02
2.05684782E-02  1.40375979E+00  1.07255004E-02
2.06927590E-02  1.38975407E+00  1.06225953E-02
2.08170399E-02  1.40373702E+00  1.05727810E-02
2.09413207E-02  1.40223272E+00  1.05467411E-02
2.10656015E-02  1.39333630E+00  1.05151821E-02
2.11898824E-02  1.39525768E+00  1.05289106E-02
2.13141632E-02  1.37875735E+00  1.04341903E-02
2.14384440E-02  1.38108143E+00  1.03778867E-02
2.15627249E-02  1.40541718E+00  1.03895365E-02
2.16870057E-02  1.38628078E+00  1.03326781E-02
2.18112866E-02  1.36794049E+00  1.03339980E-02
2.19355674E-02  1.39736386E+00  1.01976042E-02
2.20598482E-02  1.37318159E+00  1.02663528E-02
2.21841291E-02  1.39674811E+00  1.02496399E-02
2.23084099E-02  1.39051301E+00  1.01813613E-02
2.24326907E-02  1.38985040E+00  1.01272154E-02
2.25569716E-02  1.38191917E+00  1.01228098E-02
2.26812524E-02  1.37764579E+00  1.01371163E-02
2.28055332E-02  1.36781211E+00  1.00073395E-02
2.29298141E-02  1.37696211E+00  1.00536565E-02
2.30540949E-02  1.37021249E+00  9.98877728E-03
2.31783757E-02  1.37334233E+00  1.00167594E-02
2.33026566E-02  1.36524975E+00  9.93780345E-03
2.34269374E-02  1.37396769E+00  9.89831611E-03
2.35512182E-02  1.36812971E+00  9.81286090E-03
2.36754991E-02  1.37544219E+00  9.81365538E-03
2.37997799E-02  1.37494137E+00  9.87769951E-03
2.39240607E-02  1.36087043E+00  9.80008933E-03
2.40483416E-02  1.36346962E+00  9.69423126E-03
2.41726224E-02  1.37190797E+00  9.77640174E-03
2.42969033E-02  1.35716829E+00  9.72531976E-03
2.44211841E-02  1.37033427E+00  9.68401620E-03
2.45454649E-02  1.35159454E+00  9.61121711E-03
2.46697458E-02  1.35774695E+00  9.61882468E-03
2.47940266E-02  1.36052384E+00  9.63952291E-03
2.49183074E-02  1.34373565E+00  9.53247052E-03
2.50425883E-02  1.35770342E+00  9.54164065E-03
2.51668691E-02  1.34420377E+00  9.43767599E-03
2.52911499E-02  1.35247923E+00  9.54021351E-03
2.54154308E-02  1.34733417E+00  9.49060624E-03
2.55397116E-02  1.33168010E+00  9.41348624E-03
2.56639924E-02  1.35450860E+00  9.39238942E-03
2.57882733E-02  1.33939135E+00  9.35217348E-03
2.59125541E-02  1.33196615E+00  9.37020793E-03
2.60368349E-02  1.30827293E+00  9.31796974E-03
2.61611158E-02  1.35218193E+00  9.26992755E-03
2.62853966E-02  1.33401503E+00  9.28940434E-03
2.64096774E-02  1.33108502E+00  9.26555821E-03
2.65339583E-02  1.33057765E+00  9.22983790E-03
2.66582391E-02  1.33257347E+00  9.14841857E-03
2.67825200E-02  1.30563731E+00  9.15753449E-03
2.69068008E-02  1.34255647E+00  9.21118262E-03
2.70310816E-02  1.30982853E+00  9.12301056E-03
2.71553625E-02  1.32396973E+00  9.12324603E-03
2.72796433E-02  1.33423003E+00  9.01555612E-03
2.74039241E-02  1.30986568E+00  9.05464329E-03
2.75282050E-02  1.30709263E+00  9.08163396E-03
2.76524858E-02  1.30227232E+00  9.01362879E-03
2.77767666E-02  1.30486324E+00  8.95412283E-03
2.79010475E-02  1.30621164E+00  8.94164575E-03
2.80253283E-02  1.33162508E+00  8.99912865E-03
2.81496091E-02  1.31572169E+00  8.91205012E-03
2.82738900E-02  1.31020209E+00  8.87624386E-03
2.83981708E-02  1.31410881E+00  8.86455981E-03
2.85224516E-02  1.31545285E+00  8.89555184E-03
2.86467325E-02  1.29568356E+00  8.84337957E-03
2.87710133E-02  1.30911962E+00  8.80566189E-03
2.88952941E-02  1.30441821E+00  8.76278815E-03
2.90195750E-02  1.30440447E+00  8.77438180E-03
2.91438558E-02  1.29887835E+00  8.78823863E-03
2.92681367E-02  1.28494545E+00  8.73506055E-03
2.93924175E-02  1.28911158E+00  8.78746500E-03
2.95166983E-02  1.27667573E+00  8.86807593E-03
2.96409792E-02  1.28424416E+00  8.93744887E-03
2.97652600E-02  1.28801971E+00  8.91263280E-03
2.98895408E-02  1.30152120E+00  8.91712536E-03
3.00138217E-02  1.28057243E+00  8.91133484E-03
3.01381025E-02  1.28084983E+00  8.95538719E-03
3.02623833E-02  1.27332416E+00  8.94810478E-03
3.03866642E-02  1.29278857E+00  8.96976262E-03
3.05109450E-02  1.28766129E+00  8.94269662E-03
3.06352258E-02  1.29383095E+00  8.97885192E-03
3.07595067E-02  1.27438793E+00  8.97786906E-03
3.08837875E-02  1.28375228E+00  8.98459204E-03
3.10080683E-02  1.27059773E+00  8.90165709E-03
3.11323492E-02  1.27022903E+00  8.97050475E-03
3.12566300E-02  1.26122121E+00  8.97208199E-03
3.13809108E-02  1.26697605E+00  8.95807193E-03
3.15051917E-02  1.26596108E+00  8.87380990E-03
3.16294725E-02  1.24292848E+00  8.92332396E-03
3.17537534E-02  1.25473479E+00  8.98196582E-03
3.18780342E-02  1.26901239E+00  8.95574792E-03
3.20023150E-02  1.25240891E+00  8.93023320E-03
3.21265959E-02  1.25479563E+00  8.88487485E-03
3.22508767E-02  1.25274844E+00  8.96570501E-03
3.23751575E-02  1.24219910E+00  8.90333491E-03
3.24994384E-02  1.22763510E+00  8.91482079E-03
3.26237192E-02  1.25234773E+00  8.88978195E-03
3.27480000E-02  1.24468887E+00  8.91455761E-03
3.28722809E-02  1.25004515E+00  8.89013953E-03
3.29965617E-02  1.23851072E+00  8.87168020E-03
3.31208425E-02  1.22642508E+00  8.85485020E-03
3.32451234E-02  1.24520171E+00  8.91671790E-03
3.33694042E-02  1.22861852E+00  8.83773852E-03
3.34936850E-02  1.23838435E+00  8.89183612E-03
3.36179659E-02  1.22987372E+00  8.76551597E-03
3.37422467E-02  1.23802617E+00  8.85898870E-03
3.38665276E-02  1.22979567E+00  8.84177176E-03
3.39908084E-02  1.22006973E+00  8.83296583E-03
3.41150892E-02  1.22146788E+00  8.82413307E-03
3.42393701E-02  1.22596785E+00  8.62573890E-03
3.43636509E-02  1.21918669E+00  8.71452885E-03
3.44879317E-02  1.22272413E+00  8.69036370E-03
3.46122126E-02  1.20186044E+00  8.73444086E-03
3.47364934E-02  1.20198109E+00  8.69980212E-03
3.48607742E-02  1.20715325E+00  8.70116662E-03
3.49850551E-02  1.22242373E+00  8.75557067E-03
3.51093359E-02  1.20380608E+00  8.69317507E-03
3.52336167E-02  1.18082073E+00  8.63397365E-03
3.53578976E-02  1.19491798E+00  8.74573976E-03
3.54821784E-02  1.21311370E+00  8.67730459E-03
3.56064592E-02  1.19631512E+00  8.69132515E-03
3.57307401E-02  1.20146653E+00  8.63180718E-03
3.58550209E-02  1.18903930E+00  8.63274032E-03
3.59793017E-02  1.19008696E+00  8.67142992E-03
3.61035826E-02  1.18555220E+00  8.68621126E-03
3.62278634E-02  1.19201189E+00  8.68091403E-03
3.63521443E-02  1.18997267E+00  8.57144116E-03
3.64764251E-02  1.20056594E+00  8.65349613E-03
3.66007059E-02  1.16916881E+00  8.59765020E-03
3.67249868E-02  1.18250249E+00  8.62013454E-03
3.68492676E-02  1.18471916E+00  8.58413631E-03
3.69735484E-02  1.17436156E+00  8.56318008E-03
3.70978293E-02  1.18365370E+00  8.59573203E-03
3.72221101E-02  1.16329030E+00  8.59196163E-03
3.73463909E-02  1.17710806E+00  8.55427005E-03
3.74706718E-02  1.18118910E+00  8.57727975E-03
3.75949526E-02  1.16100575E+00  8.51553596E-03
3.77192334E-02  1.17036375E+00  8.57794062E-03
3.78435143E-02  1.16942923E+00  8.49465864E-03
3.79677951E-02  1.17647609E+00  8.51394113E-03
3.80920759E-02  1.15580103E+00  8.51706491E-03
3.82163568E-02  1.15724951E+00  8.52476941E-03
3.83406376E-02  1.14922526E+00  8.52206645E-03
3.84649184E-02  1.15401516E+00  8.41542464E-03
3.85891993E-02  1.15777023E+00  8.48593904E-03
3.87134801E-02  1.15338236E+00  8.44592724E-03
3.88377610E-02  1.14963277E+00  8.46031809E-03
3.89620418E-02  1.15542890E+00  8.47585717E-03
3.90863226E-02  1.12341106E+00  8.42100354E-03
3.92106035E-02  1.14912532E+00  8.38424570E-03
3.93348843E-02  1.15191457E+00  8.31347675E-03
3.94591651E-02  1.14905492E+00  8.21019219E-03
3.95834460E-02  1.14767348E+00  8.15374852E-03
3.97077268E-02  1.13914185E+00  8.14130499E-03
3.98320076E-02  1.14320038E+00  8.09645616E-03
3.99562885E-02  1.14499763E+00  8.05562407E-03
4.00805693E-02  1.12242165E+00  7.95490280E-03
4.02048501E-02  1.11752039E+00  7.95500680E-03
4.03291310E-02  1.10606783E+00  7.96830759E-03
4.04534118E-02  1.12547802E+00  7.95833595E-03
4.05776926E-02  1.11815774E+00  7.87139090E-03
4.07019735E-02  1.10926892E+00  7.84659394E-03
4.08262543E-02  1.10987138E+00  7.82518920E-03
4.09505351E-02  1.10170471E+00  7.82068758E-03
4.10748160E-02  1.12890804E+00  7.82400369E-03
4.11990968E-02  1.11193521E+00  7.73905414E-03
4.13233777E-02  1.11609468E+00  7.73372203E-03
4.14476585E-02  1.10921676E+00  7.73198919E-03
4.15719393E-02  1.09680161E+00  7.70224560E-03
4.16962202E-02  1.09893446E+00  7.66713715E-03
4.18205010E-02  1.09421815E+00  7.65000794E-03
4.19447818E-02  1.10996625E+00  7.66424504E-03
4.20690627E-02  1.10932482E+00  7.60207526E-03
4.21933435E-02  1.08863683E+00  7.58692126E-03
4.23176243E-02  1.10236141E+00  7.57467516E-03
4.24419052E-02  1.09171318E+00  7.56449835E-03
4.25661860E-02  1.10569211E+00  7.54480422E-03
4.26904668E-02  1.07929359E+00  7.50285104E-03
4.28147477E-02  1.07192884E+00  7.50250326E-03
4.29390285E-02  1.08181099E+00  7.46028002E-03
4.30633093E-02  1.06586463E+00  7.47365445E-03
4.31875902E-02  1.08654668E+00  7.45919411E-03
4.33118710E-02  1.08333566E+00  7.40686567E-03
4.34361518E-02  1.07611221E+00  7.39918070E-03
4.35604327E-02  1.07620510E+00  7.41885698E-03
4.36847135E-02  1.06619674E+00  7.38156202E-03
4.38089944E-02  1.06941898E+00  7.33769295E-03
4.39332752E-02  1.04517940E+00  7.31881578E-03
4.40575560E-02  1.06378202E+00  7.34189280E-03
4.41818369E-02  1.04770547E+00  7.30170347E-03
4.43061177E-02  1.04400327E+00  7.27330675E-03
4.44303985E-02  1.05340331E+00  7.24761798E-03
4.45546794E-02  1.05481696E+00  7.29344941E-03
4.46789602E-02  1.04657931E+00  7.25392096E-03
4.48032410E-02  1.04699493E+00  7.22305968E-03
4.49275219E-02  1.05193187E+00  7.20494878E-03
4.50518027E-02  1.03876404E+00  7.17363666E-03
4.51760835E-02  1.03995288E+00  7.22978523E-03
4.53003644E-02  1.03212086E+00  7.12655990E-03
4.54246452E-02  1.02447682E+00  7.11843341E-03
4.55489260E-02  1.03267551E+00  7.10425532E-03
4.56732069E-02  1.04191891E+00  7.11484269E-03
4.57974877E-02  1.02468613E+00  7.12978465E-03
4.59217686E-02  1.02888456E+00  7.04475892E-03
4.60460494E-02  1.02981948E+00  7.03394782E-03
4.61703302E-02  1.03408751E+00  7.06910329E-03
4.62946111E-02  1.02831935E+00  7.01229913E-03
4.64188919E-02  1.00623085E+00  7.01873361E-03
4.65431727E-02  1.01431384E+00  6.96491383E-03
4.66674536E-02  1.01681995E+00  6.98578980E-03
4.67917344E-02  1.01123882E+00  6.98955556E-03
4.69160152E-02  1.00614834E+00  6.92552575E-03
4.70402961E-02  1.00280539E+00  6.94898215E-03
4.71645769E-02  1.00106441E+00  6.88632332E-03
4.72888577E-02  1.00027464E+00  6.92384617E-03
4.74131386E-02  9.93779532E-01  6.89274258E-03
4.75374194E-02  9.99609633E-01  6.86251014E-03
4.76617002E-02  9.93586053E-01  6.86078465E-03
4.77859811E-02  9.97466976E-01  6.86038622E-03
4.79102619E-02  9.80910067E-01  6.82635401E-03
4.80345427E-02  1.00907377E+00  6.81012228E-03
4.81588236E-02  9.86668163E-01  6.78340888E-03
4.82831044E-02  9.85458289E-01  6.81554244E-03
4.84073853E-02  9.88840772E-01  6.78774949E-03
4.85316661E-02  9.77812311E-01  6.75437821E-03
4.86559469E-02  9.71763176E-01  6.72609018E-03
4.87802278E-02  9.86289740E-01  6.72006469E-03
4.89045086E-02  9.77229024E-01  6.76892101E-03
4.90287894E-02  9.75621643E-01  6.68792862E-03
4.91530703E-02  9.70678889E-01  6.67715586E-03
4.92773511E-02  9.81900139E-01  6.68002641E-03
4.94016319E-02  9.79012096E-01  6.67382379E-03
4.95259128E-02  9.57802932E-01  6.67135527E-03
4.96501936E-02  9.66573907E-01  6.64260152E-03
4.97744744E-02  9.51651276E-01  6.59765703E-03
4.98987553E-02  9.59303570E-01  6.62941256E-03
5.00230361E-02  9.54601292E-01  6.62132197E-03
5.01473169E-02  9.61802541E-01  6.66677954E-03
5.02715978E-02  9.58600635E-01  6.65855968E-03
5.03958786E-02  9.44003465E-01  6.69994897E-03
5.05201594E-02  9.43211876E-01  6.72737125E-03
5.06444403E-02  9.49045271E-01  6.69675913E-03
5.07687211E-02  9.54663239E-01  6.74419920E-03
5.08930020E-02  9.43082982E-01  6.70730817E-03
5.10172828E-02  9.44066007E-01  6.75856529E-03
5.11415636E-02  9.38500164E-01  6.75804171E-03
5.12658445E-02  9.35317620E-01  6.71625026E-03
5.13901253E-02  9.27748633E-01  6.74501873E-03
5.15144061E-02  9.33863635E-01  6.74500777E-03
5.16386870E-02  9.32905656E-01  6.75840813E-03
5.17629678E-02  9.33593102E-01  6.69277730E-03
5.18872486E-02  9.27742257E-01  6.58817242E-03
5.20115295E-02  9.26551238E-01  6.63741708E-03
5.21358103E-02  9.26794484E-01  6.59743466E-03
5.22600911E-02  9.16621607E-01  6.54220542E-03
5.23843720E-02  9.11025053E-01  6.53851890E-03
5.25086528E-02  9.15338130E-01  6.52377127E-03
5.26329336E-02  9.09252809E-01  6.51120865E-03
5.27572145E-02  9.07615143E-01  6.49413619E-03
5.28814953E-02  9.14980694E-01  6.44924546E-03
5.30057761E-02  9.07529719E-01  6.47601734E-03
5.31300570E-02  9.07557296E-01  6.46657776E-03
5.32543378E-02  8.98927763E-01  6.43422166E-03
5.33786187E-02  9.08194105E-01  6.41898109E-03
5.35028995E-02  8.87988736E-01  6.38529968E-03
5.36271803E-02  9.09404145E-01  6.40245037E-03
5.37514612E-02  8.84880743E-01  6.39222631E-03
5.38757420E-02  8.89642974E-01  6.36446333E-03
5.40000228E-02  8.95321284E-01  6.35332970E-03
5.41243037E-02  8.90532456E-01  6.34272301E-03
5.42485845E-02  8.77411938E-01  6.35794693E-03
5.43728653E-02  8.71410454E-01  6.33515758E-03
5.44971462E-02  8.72672681E-01  6.30395419E-03
5.46214270E-02  8.79880373E-01  6.30952416E-03
5.47457078E-02  8.81332110E-01  6.30976012E-03
5.48699887E-02  8.63460233E-01  6.28410089E-03
5.49942695E-02  8.76067625E-01  6.26757113E-03
5.51185503E-02  8.70980296E-01  6.24775664E-03
5.52428312E-02  8.69717071E-01  6.28042280E-03
5.53671120E-02  8.68796930E-01  6.25806461E-03
5.54913928E-02  8.69205733E-01  6.25382180E-03
5.56156737E-02  8.54435654E-01  6.21795657E-03
5.57399545E-02  8.53818552E-01  6.22361984E-03
5.58642354E-02  8.54873498E-01  6.21417675E-03
5.59885162E-02  8.49792687E-01  6.21246207E-03
5.61127970E-02  8.53175925E-01  6.17473964E-03
5.62370779E-02  8.50916276E-01  6.18821327E-03
5.63613587E-02  8.40564826E-01  6.18590619E-03
5.64856395E-02  8.56551582E-01  6.17378298E-03
5.66099204E-02  8.44241052E-01  6.15118654E-03
5.67342012E-02  8.38845439E-01  6.14827564E-03
5.68584820E-02  8.31966973E-01  6.13589252E-03
5.69827629E-02  8.39298828E-01  6.14968666E-03
5.71070437E-02  8.30632724E-01  6.12167841E-03
5.72313245E-02  8.49134433E-01  6.10889990E-03
5.73556054E-02  8.35304788E-01  6.11592715E-03
5.74798862E-02  8.20705321E-01  6.08994105E-03
5.76041670E-02  8.28821370E-01  6.10339311E-03
5.77284479E-02  8.20348568E-01  6.07334233E-03
5.78527287E-02  8.31349204E-01  6.08003816E-03
5.79770096E-02  8.17036191E-01  6.06518344E-03
5.81012904E-02  8.06187042E-01  6.05758803E-03
5.82255712E-02  8.16054413E-01  6.03353878E-03
5.83498521E-02  8.09269601E-01  6.01994637E-03
5.84741329E-02  8.11524542E-01  6.04533774E-03
5.85984137E-02  7.97338250E-01  6.01064602E-03
5.87226946E-02  8.03588379E-01  6.00174742E-03
5.88469754E-02  8.02534497E-01  5.98312770E-03
5.89712562E-02  8.05156297E-01  5.99135454E-03
5.90955371E-02  7.93721687E-01  5.97321562E-03
5.92198179E-02  8.00644793E-01  5.94063147E-03
5.93440987E-02  7.88135146E-01  5.94716882E-03
5.94683796E-02  7.87878806E-01  5.94185071E-03
5.95926604E-02  8.00355256E-01  5.93881183E-03
5.97169412E-02  7.95370512E-01  5.93419001E-03
5.98412221E-02  7.87731790E-01  5.89741349E-03
5.99655029E-02  7.84998663E-01  5.92264709E-03
6.00897837E-02  7.82675530E-01  5.90002292E-03
6.02140646E-02  7.78767308E-01  5.89061652E-03
6.03383454E-02  7.87586860E-01  5.87609264E-03
6.04626263E-02  7.85955310E-01  5.88297652E-03
6.05869071E-02  7.63989510E-01  5.86529198E-03
6.07111879E-02  7.79995894E-01  5.87618222E-03
6.08354688E-02  7.64634048E-01  5.85717933E-03
6.09597496E-02  7.63577680E-01  5.85819355E-03
6.10840304E-02  7.61989703E-01  5.85067555E-03
6.12083113E-02  7.65232077E-01  5.83424157E-03
6.13325921E-02  7.63644009E-01  5.82263475E-03
6.14568729E-02  7.62661985E-01  5.80920369E-03
6.15811538E-02  7.49430196E-01  5.81191827E-03
6.17054346E-02  7.66320800E-01  5.82469152E-03
6.18297154E-02  7.57993033E-01  5.79609190E-03
6.19539963E-02  7.50514200E-01  5.78361326E-03
6.20782771E-02  7.52166254E-01  5.75971566E-03
6.22025579E-02  7.48377541E-01  5.78018678E-03
6.23268388E-02  7.41253588E-01  5.76064323E-03
6.24511196E-02  7.45881641E-01  5.74977616E-03
6.25754004E-02  7.36445442E-01  5.75903128E-03
6.26996813E-02  7.37214710E-01  5.72734668E-03
6.28239621E-02  7.34679998E-01  5.73473655E-03
6.29482430E-02  7.30564993E-01  5.71253507E-03
6.30725238E-02  7.33548824E-01  5.71542482E-03
6.31968046E-02  7.26782065E-01  5.71402928E-03
6.33210855E-02  7.22184772E-01  5.69172271E-03
6.34453663E-02  7.23701457E-01  5.69119415E-03
6.35696471E-02  7.27413349E-01  5.68822763E-03
6.36939280E-02  7.28356837E-01  5.68599034E-03
6.38182088E-02  7.17432309E-01  5.67031406E-03
6.39424896E-02  7.17380409E-01  5.65951574E-03
6.40667705E-02  7.11875190E-01  5.67214334E-03
6.41910513E-02  7.06939842E-01  5.64881482E-03
6.43153321E-02  7.18084576E-01  5.64761001E-03
6.44396130E-02  7.13135730E-01  5.65175827E-03
6.45638938E-02  7.14286860E-01  5.62975319E-03
6.46881746E-02  6.92031625E-01  5.63316649E-03
6.48124555E-02  7.06497280E-01  5.63571185E-03
6.49367363E-02  7.06537079E-01  5.62986396E-03
6.50610171E-02  7.01814198E-01  5.62585018E-03
6.51852980E-02  6.96966223E-01  5.60011672E-03
6.53095788E-02  6.91243295E-01  5.59558534E-03
6.54338597E-02  7.03605099E-01  5.61599282E-03
6.55581405E-02  6.87079205E-01  5.57275795E-03
6.56824213E-02  6.83357424E-01  5.59293799E-03
6.58067022E-02  6.87700792E-01  5.55468544E-03
6.59309830E-02  6.84985081E-01  5.56962658E-03
6.60552638E-02  6.82603635E-01  5.54791621E-03
6.61795447E-02  6.83552884E-01  5.54588551E-03
6.63038255E-02  6.79487011E-01  5.55539697E-03
6.64281063E-02  6.72657938E-01  5.51422746E-03
6.65523872E-02  6.77588884E-01  5.53471846E-03
6.66766680E-02  6.67878867E-01  5.51804326E-03
6.68009488E-02  6.64777916E-01  5.51394321E-03
6.69252297E-02  6.76772666E-01  5.51481946E-03
6.70495105E-02  6.63822069E-01  5.48683359E-03
6.71737913E-02  6.63449512E-01  5.49416450E-03
6.72980722E-02  6.59547979E-01  5.49205784E-03
6.74223530E-02  6.55681531E-01  5.47710231E-03
6.75466338E-02  6.62517265E-01  5.47764971E-03
6.76709147E-02  6.55632956E-01  5.45517700E-03
6.77951955E-02  6.48144267E-01  5.45656853E-03
6.79194764E-02  6.49350384E-01  5.45702202E-03
6.80437572E-02  6.54009667E-01  5.43993584E-03
6.81680380E-02  6.52973696E-01  5.44191458E-03
6.82923189E-02  6.43636465E-01  5.42117149E-03
6.84165997E-02  6.49830330E-01  5.43886887E-03
6.85408805E-02  6.50881755E-01  5.41463942E-03
6.86651614E-02  6.28076746E-01  5.41008450E-03
6.87894422E-02  6.37823575E-01  5.40698589E-03
6.89137230E-02  6.46896495E-01  5.39921239E-03
6.90380039E-02  6.35365782E-01  5.39759939E-03
6.91622847E-02  6.35599516E-01  5.39164573E-03
6.92865655E-02  6.25013190E-01  5.35830931E-03
6.94108464E-02  6.33523405E-01  5.39025179E-03
6.95351272E-02  6.27155187E-01  5.36782042E-03
6.96594080E-02  6.29813562E-01  5.35601349E-03
6.97836889E-02  6.19754975E-01  5.35513147E-03
6.99079697E-02  6.21865423E-01  5.33469302E-03
7.00322505E-02  6.20656154E-01  5.35710718E-03
7.01565314E-02  6.15469639E-01  5.31308394E-03
7.02808122E-02  6.12210688E-01  5.34053964E-03
7.04050931E-02  6.14951711E-01  5.31570005E-03
7.05293739E-02  6.05472922E-01  5.30960711E-03
7.06536547E-02  6.09523354E-01  5.32502922E-03
7.07779356E-02  6.06817227E-01  5.28875490E-03
7.09022164E-02  6.08936939E-01  5.29563631E-03
7.10264972E-02  6.15349295E-01  5.29746064E-03
7.11507781E-02  6.03130394E-01  5.27564396E-03
7.12750589E-02  5.99539743E-01  5.27765921E-03
7.13993397E-02  6.06059321E-01  5.25313399E-03
7.15236206E-02  5.99492926E-01  5.28109872E-03
7.16479014E-02  5.96143879E-01  5.25520299E-03
7.17721822E-02  5.92155645E-01  5.25169601E-03
7.18964631E-02  5.86850029E-01  5.23886887E-03
7.20207439E-02  5.81661930E-01  5.22805711E-03
7.21450247E-02  5.90449795E-01  5.25053585E-03
7.22693056E-02  5.89152859E-01  5.22325661E-03
7.23935864E-02  5.83900563E-01  5.22846282E-03
7.25178673E-02  5.80039455E-01  5.21434334E-03
7.26421481E-02  5.73407302E-01  5.20696939E-03
7.27664289E-02  5.80527261E-01  5.21653021E-03
7.28907098E-02  5.67400919E-01  5.18089730E-03
7.30149906E-02  5.70441919E-01  5.18812602E-03
7.31392714E-02  5.76624090E-01  5.19686175E-03
7.32635523E-02  5.72198616E-01  5.17087832E-03
7.33878331E-02  5.66131878E-01  5.18509842E-03
7.35121139E-02  5.71876882E-01  5.15349019E-03
7.36363948E-02  5.61921317E-01  5.17611602E-03
7.37606756E-02  5.53347402E-01  5.15123388E-03
7.38849564E-02  5.57065875E-01  5.15203406E-03
7.40092373E-02  5.53142885E-01  5.14998647E-03
7.41335181E-02  5.55108148E-01  5.13341316E-03
7.42577989E-02  5.61386308E-01  5.13882689E-03
7.43820798E-02  5.51841091E-01  5.12400297E-03
7.45063606E-02  5.51066939E-01  5.11016711E-03
7.46306414E-02  5.43066319E-01  5.12557491E-03
7.47549223E-02  5.40821213E-01  5.10748039E-03
7.48792031E-02  5.42707980E-01  5.10996263E-03
7.50034840E-02  5.42064567E-01  5.10829178E-03
7.51277648E-02  5.35264298E-01  5.07502122E-03
7.52520456E-02  5.35420824E-01  5.10970076E-03
7.53763265E-02  5.31656570E-01  5.06588066E-03
7.55006073E-02  5.32971254E-01  5.08616125E-03
7.56248881E-02  5.36148381E-01  5.08103576E-03
7.57491690E-02  5.25806263E-01  5.05802325E-03
7.58734498E-02  5.26725743E-01  5.06606605E-03
7.59977306E-02  5.21857739E-01  5.05482027E-03
7.61220115E-02  5.25053207E-01  5.04243441E-03
7.62462923E-02  5.28028503E-01  5.06077604E-03
7.63705731E-02  5.22189561E-01  5.03488342E-03
7.64948540E-02  5.23425289E-01  5.03306693E-03
7.66191348E-02  5.21387604E-01  5.03008930E-03
7.67434156E-02  5.11775722E-01  5.02143582E-03
7.68676965E-02  5.13343231E-01  5.02742639E-03
7.69919773E-02  5.07021144E-01  5.01700771E-03
7.71162581E-02  5.07750418E-01  5.00391787E-03
7.72405390E-02  5.02523497E-01  5.00184214E-03
7.73648198E-02  5.10782195E-01  4.99453796E-03
7.74891007E-02  5.07772823E-01  5.00114993E-03
7.76133815E-02  5.00426387E-01  4.99783780E-03
7.77376623E-02  5.08751944E-01  5.00857508E-03
7.78619432E-02  4.96963937E-01  5.04060379E-03
7.79862240E-02  4.98281828E-01  5.04964559E-03
7.81105048E-02  4.98125460E-01  5.06561944E-03
7.82347857E-02  4.96526438E-01  5.05406839E-03
7.83590665E-02  4.85141354E-01  5.05353450E-03
7.84833473E-02  5.00807223E-01  5.10308016E-03
7.86076282E-02  4.85797022E-01  5.07022716E-03
7.87319090E-02  4.90190375E-01  5.09566954E-03
7.88561898E-02  4.87013568E-01  5.09313159E-03
7.89804707E-02  4.88946754E-01  5.07979665E-03
7.91047515E-02  4.77731621E-01  5.12372033E-03
7.92290323E-02  4.78116367E-01  5.07471494E-03
7.93533132E-02  4.80932377E-01  5.10248811E-03
7.94775940E-02  4.75551183E-01  5.09802691E-03
7.96018748E-02  4.75341952E-01  5.10033402E-03
7.97261557E-02  4.69283461E-01  5.10981437E-03
7.98504365E-02  4.67345452E-01  5.08156367E-03
7.99747174E-02  4.75519252E-01  5.12658417E-03
8.00989982E-02  4.78296751E-01  5.12016196E-03
8.02232790E-02  4.67764464E-01  5.09595802E-03
8.03475599E-02  4.63623440E-01  5.10726419E-03
8.04718407E-02  4.66146971E-01  5.09135672E-03
8.05961215E-02  4.61539912E-01  5.12260083E-03
8.07204024E-02  4.55720337E-01  5.10339941E-03
8.08446832E-02  4.61064544E-01  5.10779520E-03
8.09689640E-02  4.60385606E-01  5.11908263E-03
8.10932449E-02  4.56246609E-01  5.09496129E-03
8.12175257E-02  4.47734002E-01  5.12611635E-03
8.13418065E-02  4.62936601E-01  5.09148787E-03
8.14660874E-02  4.50675387E-01  5.10236944E-03
8.15903682E-02  4.46932024E-01  5.11112798E-03
8.17146490E-02  4.49506296E-01  5.10951714E-03
8.18389299E-02  4.41927345E-01  5.10823560E-03
8.19632107E-02  4.44395325E-01  5.07386200E-03
8.20874915E-02  4.41649492E-01  5.12379061E-03
8.22117724E-02  4.37908391E-01  5.10501903E-03
8.23360532E-02  4.39926671E-01  5.09611611E-03
8.24603341E-02  4.28519035E-01  5.10324637E-03
8.25846149E-02  4.33357737E-01  5.08929594E-03
8.27088957E-02  4.37523345E-01  5.11832789E-03
8.28331766E-02  4.37819610E-01  5.09075931E-03
8.29574574E-02  4.33392215E-01  5.09740266E-03
8.30817382E-02  4.35322176E-01  5.11613386E-03
8.32060191E-02  4.25341717E-01  5.07920921E-03
8.33302999E-02  4.21322798E-01  5.11332636E-03
8.34545807E-02  4.25969487E-01  5.05641470E-03
8.35788616E-02  4.21516162E-01  5.07638941E-03
8.37031424E-02  4.25604573E-01  5.07213244E-03
8.38274232E-02  4.26191189E-01  5.08276121E-03
8.39517041E-02  4.11628885E-01  5.09016615E-03
8.40759849E-02  4.28365164E-01  5.04933429E-03
8.42002657E-02  4.12307485E-01  5.07041777E-03
8.43245466E-02  4.10995049E-01  5.04092448E-03
8.44488274E-02  4.12756906E-01  5.05885028E-03
8.45731083E-02  4.10609494E-01  5.05876834E-03
8.46973891E-02  4.17681549E-01  5.02732148E-03
8.48216699E-02  4.03767189E-01  5.07052154E-03
8.49459508E-02  4.04364646E-01  5.03972153E-03
8.51323720E-02  4.00411553E-01  3.55916339E-03
8.53187933E-02  3.99986876E-01  5.01465722E-03
8.54430741E-02  3.99493730E-01  5.06205245E-03
8.55673549E-02  3.98557754E-01  5.00279389E-03
8.56916358E-02  3.93319399E-01  5.02865836E-03
8.58159166E-02  3.93065043E-01  5.01126462E-03
8.59401974E-02  3.93494832E-01  5.00916338E-03
8.60644783E-02  3.88803032E-01  5.02916066E-03
8.61887591E-02  3.82779793E-01  4.99699412E-03
8.63130399E-02  3.85438891E-01  5.01171414E-03
8.64373208E-02  3.90039824E-01  5.00792335E-03
8.65616016E-02  3.83786785E-01  4.98363986E-03
8.66858824E-02  3.78224146E-01  4.99277699E-03
8.68101633E-02  3.87650545E-01  4.97237598E-03
8.69344441E-02  3.87512440E-01  5.00534172E-03
8.71208654E-02  3.72677759E-01  3.52208969E-03
8.73072866E-02  3.70922864E-01  4.98359729E-03
8.74315675E-02  3.63531259E-01  4.95746533E-03
8.75558483E-02  3.73828055E-01  5.00587744E-03
8.76801291E-02  3.67973573E-01  4.95249946E-03
8.78044100E-02  3.62519609E-01  4.97583581E-03
8.79286908E-02  3.67846724E-01  4.98080243E-03
8.80529716E-02  3.70467816E-01  4.95743762E-03
8.81772525E-02  3.64452105E-01  4.97039429E-03
8.83015333E-02  3.58650720E-01  4.94434675E-03
8.84258141E-02  3.58045253E-01  4.96309420E-03
8.86122354E-02  3.58236621E-01  3.51360655E-03
8.87986566E-02  3.62381813E-01  4.95965040E-03
8.89229375E-02  3.54715881E-01  4.94432672E-03
8.90472183E-02  3.55845719E-01  4.94342655E-03
8.91714991E-02  3.61053525E-01  4.96510466E-03
8.92957800E-02  3.52007261E-01  4.94093259E-03
8.94200608E-02  3.52862330E-01  4.95252283E-03
8.95443417E-02  3.45192436E-01  4.93615455E-03
8.96686225E-02  3.41395180E-01  4.94972503E-03
8.98550437E-02  3.48195348E-01  3.48860532E-03
9.00414650E-02  3.41170145E-01  4.93469296E-03
9.01657458E-02  3.42015125E-01  4.94633201E-03
9.02900267E-02  3.45230356E-01  4.94427344E-03
9.04143075E-02  3.39464279E-01  4.90584410E-03
9.05385883E-02  3.38933964E-01  4.93997711E-03
9.06628692E-02  3.42529291E-01  4.91360784E-03
9.07871500E-02  3.34172086E-01  4.93899354E-03
9.09114308E-02  3.48622673E-01  4.92580781E-03
9.10978521E-02  3.34002246E-01  3.48463905E-03
9.12842733E-02  3.26415710E-01  4.89720239E-03
9.14085542E-02  3.25677843E-01  4.91118807E-03
9.15328350E-02  3.32672600E-01  4.91395627E-03
9.16571158E-02  3.16797564E-01  4.90651209E-03
9.17813967E-02  3.20236082E-01  4.93549627E-03
9.19056775E-02  3.16614517E-01  4.87426069E-03
9.20920988E-02  3.21201460E-01  3.46366426E-03
9.22785200E-02  3.22661241E-01  4.90341959E-03
9.24028009E-02  3.19204854E-01  4.92125765E-03
9.25270817E-02  3.07918563E-01  4.86934601E-03
9.26513625E-02  3.16804566E-01  4.91264635E-03
9.27756434E-02  3.18760036E-01  4.88189483E-03
9.28999242E-02  3.03976866E-01  4.88614030E-03
9.30863455E-02  3.08199634E-01  3.45093379E-03
9.32727667E-02  2.98706090E-01  4.89527296E-03
9.33970475E-02  3.14002251E-01  4.87187252E-03
9.35213284E-02  2.97346162E-01  4.87685012E-03
9.36456092E-02  3.06231733E-01  4.87205001E-03
9.37698900E-02  3.00787744E-01  4.86363165E-03
9.39563113E-02  2.99200092E-01  3.44438098E-03
9.41427325E-02  2.98119702E-01  4.87744283E-03
9.42670134E-02  2.97148990E-01  4.86103434E-03
9.43912942E-02  2.98304194E-01  4.86477740E-03
9.45155751E-02  2.86786626E-01  4.87907743E-03
9.46398559E-02  2.89617061E-01  4.82914245E-03
9.48262771E-02  2.96175652E-01  3.43381637E-03
9.50126984E-02  2.89021660E-01  4.86483744E-03
9.51369792E-02  2.95646732E-01  4.86367637E-03
9.52612601E-02  2.84975883E-01  4.82683799E-03
9.53855409E-02  2.90927718E-01  4.85911476E-03
9.55719622E-02  2.84739901E-01  3.42184030E-03
9.57583834E-02  2.84101290E-01  4.84191251E-03
9.58826642E-02  2.84202664E-01  4.84566903E-03
9.60069451E-02  2.78564128E-01  4.85127808E-03
9.61312259E-02  2.84974302E-01  4.81111364E-03
9.62555067E-02  2.76902691E-01  4.83365195E-03
9.64419280E-02  2.77670520E-01  3.41361965E-03
9.66283493E-02  2.63623268E-01  4.83636700E-03
9.67526301E-02  2.75986565E-01  4.80198678E-03
9.68769109E-02  2.64404623E-01  4.83230003E-03
9.70011918E-02  2.64364571E-01  4.80415070E-03
9.71876130E-02  2.65011679E-01  3.40744924E-03
9.73740343E-02  2.68959520E-01  4.80937298E-03
9.74983151E-02  2.70844983E-01  4.82769720E-03
9.76225959E-02  2.68968967E-01  4.78811543E-03
9.78090172E-02  2.58005655E-01  3.41511779E-03
9.79954384E-02  2.63301611E-01  4.88299344E-03
9.81197193E-02  2.63363596E-01  4.90888816E-03
9.82440001E-02  2.60538698E-01  4.88035831E-03
9.83682809E-02  2.52017933E-01  4.92004301E-03
9.85547022E-02  2.51322533E-01  3.48468524E-03
9.87411234E-02  2.48548120E-01  4.94002707E-03
9.88654043E-02  2.52733830E-01  4.93505272E-03
9.89896851E-02  2.56334808E-01  4.97246640E-03
9.91761064E-02  2.50051424E-01  3.50721650E-03
9.93625276E-02  2.50966109E-01  4.97611660E-03
9.94868085E-02  2.51425718E-01  4.96644766E-03
9.96110893E-02  2.44110272E-01  5.01043070E-03
9.97353701E-02  2.46825865E-01  4.96502021E-03
9.99217914E-02  2.40365063E-01  3.53312729E-03
1.00108213E-01  2.37023850E-01  5.01481584E-03
1.00232493E-01  2.46329926E-01  5.02459062E-03
1.00356774E-01  2.39910349E-01  4.97934095E-03
1.00543196E-01  2.40540417E-01  3.55513702E-03
1.00729617E-01  2.35305009E-01  5.02895856E-03
1.00853898E-01  2.29242901E-01  5.02480348E-03
1.00978178E-01  2.33604254E-01  5.00763035E-03
1.01164600E-01  2.32474950E-01  3.56999509E-03
1.01351021E-01  2.37982711E-01  5.02955211E-03
1.01475302E-01  2.16344597E-01  5.04449890E-03
1.01599583E-01  2.31391179E-01  5.03476239E-03
1.01786004E-01  2.30412445E-01  3.57656468E-03
1.01972425E-01  2.22414927E-01  5.06805921E-03
1.02096706E-01  2.29383114E-01  5.06463586E-03
1.02283127E-01  2.25070182E-01  3.58906515E-03
1.02469548E-01  2.21946658E-01  5.03997692E-03
1.02593829E-01  2.24784913E-01  5.09264082E-03
1.02718110E-01  2.22151763E-01  5.02051380E-03
1.02904531E-01  2.16667676E-01  3.57266472E-03
1.03090953E-01  2.11469846E-01  5.05227002E-03
1.03215234E-01  2.12280789E-01  5.07448778E-03
1.03339514E-01  2.24612566E-01  5.07565756E-03
1.03525936E-01  2.10825384E-01  3.59026381E-03
1.03712357E-01  2.15296103E-01  5.08086813E-03
1.03836638E-01  2.12555857E-01  5.12812628E-03
1.04023059E-01  2.07797902E-01  3.59127627E-03
1.04209480E-01  2.07188964E-01  5.08888659E-03
1.04333761E-01  2.08277030E-01  5.09995987E-03
1.04458042E-01  2.08066301E-01  5.10550421E-03
1.04644463E-01  1.99159983E-01  3.60456453E-03
1.04830884E-01  1.96642124E-01  5.08781614E-03
1.04955165E-01  2.05011850E-01  5.12301388E-03
1.05141586E-01  1.95832091E-01  3.60638900E-03
1.05328008E-01  1.88853462E-01  5.12303893E-03
1.05452289E-01  2.03187328E-01  5.08992126E-03
1.05638710E-01  1.91197726E-01  3.61416281E-03
1.05825131E-01  1.96268353E-01  5.10711341E-03
1.05949412E-01  1.96680722E-01  5.13470006E-03
1.06135833E-01  1.90760896E-01  3.60967241E-03
1.06322254E-01  1.90506094E-01  5.10233231E-03
1.06446535E-01  1.86233909E-01  5.12387325E-03
1.06632956E-01  1.84435019E-01  3.61450222E-03
1.06819378E-01  1.91322353E-01  5.14606778E-03
1.06943659E-01  1.82437243E-01  5.10937164E-03
1.07067939E-01  1.86851082E-01  5.13442208E-03
1.07254361E-01  1.79248182E-01  3.61336610E-03
1.07440782E-01  1.76017238E-01  5.14946453E-03
1.07565063E-01  1.76786903E-01  5.10484350E-03
1.07751484E-01  1.80417566E-01  3.62533362E-03
1.07937905E-01  1.83572974E-01  5.11762200E-03
1.08124326E-01  1.77494869E-01  3.63210518E-03
1.08310748E-01  1.72866040E-01  5.13159679E-03
1.08435029E-01  1.69192355E-01  5.11565440E-03
1.08621450E-01  1.78574701E-01  3.63303269E-03
1.08807871E-01  1.76012662E-01  5.11668994E-03
1.08932152E-01  1.74025417E-01  5.15807839E-03
1.09118573E-01  1.74128609E-01  3.62824328E-03
1.09304994E-01  1.66648882E-01  5.12799194E-03
1.09429275E-01  1.69588065E-01  5.13606303E-03
1.09615697E-01  1.61197055E-01  3.62529800E-03
1.09802118E-01  1.68070967E-01  5.14616469E-03
1.09926399E-01  1.67246261E-01  5.13722968E-03
1.10112820E-01  1.63790817E-01  3.62843115E-03
1.10299241E-01  1.64079829E-01  5.12747447E-03
1.10423522E-01  1.59390452E-01  5.13151416E-03
1.10609943E-01  1.62389053E-01  3.62760278E-03
1.10796364E-01  1.55810870E-01  5.11799379E-03
1.10982786E-01  1.54829600E-01  3.62918794E-03
1.11169207E-01  1.53922454E-01  5.12924912E-03
1.11293488E-01  1.59515515E-01  5.11560252E-03
1.11479909E-01  1.49572212E-01  3.62665375E-03
1.11666330E-01  1.56015128E-01  5.13347591E-03
1.11852752E-01  1.51161014E-01  3.62916933E-03
1.12039173E-01  1.50282840E-01  5.12024190E-03
1.12163454E-01  1.48805199E-01  5.14798017E-03
1.12349875E-01  1.46398517E-01  3.62614774E-03
1.12536296E-01  1.47755557E-01  5.13077231E-03
1.12722717E-01  1.49365020E-01  3.63471855E-03
1.12909139E-01  1.39524680E-01  5.10173808E-03
1.13033419E-01  1.51238503E-01  5.14476077E-03
1.13219841E-01  1.45746728E-01  3.63742600E-03
1.13406262E-01  1.49346827E-01  5.14425274E-03
1.13592683E-01  1.39325190E-01  3.63120317E-03
1.13779104E-01  1.46457722E-01  5.14148048E-03
1.13903385E-01  1.40076868E-01  5.13529771E-03
1.14089807E-01  1.31328199E-01  3.63574104E-03
1.14276228E-01  1.32735380E-01  5.15783666E-03
1.14462649E-01  1.36486201E-01  3.63876049E-03
1.14649070E-01  1.37880838E-01  5.15848723E-03
1.14773351E-01  1.37556269E-01  5.14490663E-03
1.14959772E-01  1.37923359E-01  3.64463016E-03
1.15146194E-01  1.35502480E-01  5.15724116E-03
1.15332615E-01  1.32188969E-01  3.64259792E-03
1.15519036E-01  1.24741660E-01  5.16653519E-03
1.15705457E-01  1.26952975E-01  3.63293497E-03
1.15891879E-01  1.21849804E-01  5.14941052E-03
1.16016160E-01  1.37187863E-01  5.15007377E-03
1.16202581E-01  1.28069153E-01  3.64687979E-03
1.16389002E-01  1.16993052E-01  5.16548773E-03
1.16575423E-01  1.24746832E-01  3.64910981E-03
1.16761845E-01  1.22541523E-01  5.15519788E-03
1.16948266E-01  1.22775798E-01  3.65438362E-03
1.17134687E-01  1.19645574E-01  5.14521485E-03
1.17321108E-01  1.28274647E-01  3.67401708E-03
1.17507530E-01  1.25037887E-01  5.22073992E-03
1.17693951E-01  1.19789537E-01  3.70103833E-03
1.17880372E-01  1.20101387E-01  5.27115275E-03
1.18004653E-01  1.18726164E-01  5.24321448E-03
1.18191074E-01  1.13412247E-01  3.72628251E-03
1.18377495E-01  1.13573939E-01  5.27056642E-03
1.18563917E-01  1.24299102E-01  3.74213810E-03
1.18750338E-01  1.16323722E-01  5.32228453E-03
1.18936759E-01  1.15836096E-01  3.74830270E-03
1.19123180E-01  1.08023470E-01  5.31744430E-03
1.19309602E-01  1.13704824E-01  3.76461953E-03
1.19496023E-01  1.04818637E-01  5.31680563E-03
1.19682444E-01  1.07840446E-01  3.76789047E-03
1.19868865E-01  1.09558805E-01  5.29837517E-03
1.20055287E-01  1.10542903E-01  3.75904197E-03
1.20241708E-01  1.02130323E-01  5.32751253E-03
1.20428129E-01  1.09275529E-01  3.75652910E-03
1.20614550E-01  1.02356474E-01  5.33705999E-03
1.20800972E-01  1.02439675E-01  3.75182679E-03
1.20987393E-01  1.04604900E-01  5.30224859E-03
1.21173814E-01  1.07059491E-01  3.75272221E-03
1.21360235E-01  1.06177362E-01  5.29012923E-03
1.21546657E-01  9.87990862E-02  3.75190166E-03
1.21733078E-01  1.03443436E-01  5.29435200E-03
1.21919499E-01  1.06406781E-01  3.75074673E-03
1.22105920E-01  1.12716475E-01  5.31213719E-03
1.22292342E-01  9.59449626E-02  3.73556609E-03
1.22478763E-01  1.00677414E-01  5.29908988E-03
1.22665184E-01  9.69897192E-02  3.74392915E-03
1.22851605E-01  8.79414540E-02  5.26626972E-03
1.23038027E-01  9.85583045E-02  3.73717327E-03
1.23224448E-01  9.70913495E-02  5.30321318E-03
1.23410869E-01  9.07458359E-02  3.72881593E-03
1.23597290E-01  8.85581623E-02  5.28557182E-03
1.23783712E-01  9.80441934E-02  3.72877928E-03
1.23970133E-01  9.23029703E-02  5.27836113E-03
1.24156554E-01  8.53748123E-02  3.72533075E-03
1.24405116E-01  9.43956395E-02  3.72799848E-03
1.24591537E-01  8.62427275E-02  5.27150766E-03
1.24777958E-01  8.46783323E-02  3.72363239E-03
1.24964380E-01  8.88245354E-02  5.25514936E-03
1.25150801E-01  8.82819139E-02  3.71603809E-03
1.25337222E-01  8.26928608E-02  5.27351191E-03
1.25523643E-01  8.57473167E-02  3.70422029E-03
1.25710065E-01  8.43355525E-02  5.26192099E-03
1.25896486E-01  8.17444256E-02  3.70280469E-03
1.26145048E-01  8.05263442E-02  3.69991113E-03
1.26331469E-01  7.35190231E-02  5.22093899E-03
1.26517890E-01  7.74618073E-02  3.69355444E-03
1.26704311E-01  7.55505994E-02  5.20146228E-03
1.26890733E-01  7.20969823E-02  3.69382717E-03
1.27077154E-01  8.23723244E-02  5.19487960E-03
1.27263575E-01  7.54471653E-02  3.68252197E-03
1.27512137E-01  8.15084818E-02  3.68337046E-03
1.27698558E-01  8.05350579E-02  5.18289142E-03
1.27884979E-01  7.21257716E-02  3.67024573E-03
1.28071401E-01  8.51797434E-02  5.21541141E-03
1.28257822E-01  8.02871347E-02  3.66297971E-03
1.28506383E-01  7.10268336E-02  3.65786459E-03
1.28692805E-01  7.71674780E-02  5.19154507E-03
1.28879226E-01  6.80260807E-02  3.64968907E-03
1.29065647E-01  6.78347881E-02  5.17075484E-03
1.29252068E-01  7.12044556E-02  3.65664949E-03
1.29500630E-01  7.31455968E-02  3.64790453E-03
1.29687051E-01  6.47035175E-02  5.16295848E-03
1.29873473E-01  7.48385337E-02  3.65073989E-03
1.30059894E-01  7.86522106E-02  5.14683998E-03
1.30246315E-01  6.92399591E-02  3.64706612E-03
1.30494877E-01  6.59903796E-02  3.65049998E-03
1.30681298E-01  7.36462686E-02  5.13883983E-03
1.30867719E-01  6.24995419E-02  3.64360743E-03
1.31054141E-01  7.21409005E-02  5.15393043E-03
1.31240562E-01  6.61180892E-02  3.63940733E-03
1.31489123E-01  6.56072866E-02  3.63924172E-03
1.31675545E-01  6.65485147E-02  5.15201514E-03
1.31861966E-01  6.63378531E-02  3.63257407E-03
1.32110528E-01  6.59590046E-02  3.63434636E-03
1.32296949E-01  6.75748838E-02  5.14411559E-03
1.32483370E-01  6.48155440E-02  3.63379165E-03
1.32731932E-01  6.40746826E-02  3.62499231E-03
1.32918353E-01  6.35597618E-02  5.13572865E-03
1.33104774E-01  5.79709802E-02  3.62258979E-03
1.33353336E-01  5.64797494E-02  3.62541192E-03
1.33539757E-01  6.21888736E-02  5.12242155E-03
1.33726179E-01  6.39874812E-02  3.62449778E-03
1.33912600E-01  6.61867872E-02  5.12630532E-03
1.34099021E-01  6.63982053E-02  3.62350959E-03
1.34347583E-01  5.82108977E-02  3.61660320E-03
1.34534004E-01  5.68984765E-02  5.10278093E-03
1.34720425E-01  5.65482792E-02  3.61360449E-03
1.34968987E-01  5.39108958E-02  3.61106270E-03
1.35217549E-01  5.84921047E-02  3.61553874E-03
1.35403970E-01  5.20976868E-02  5.07956097E-03
1.35590391E-01  5.50509489E-02  3.60759244E-03
1.35838953E-01  6.11785118E-02  3.60854503E-03
1.36025374E-01  5.85236783E-02  5.09242439E-03
1.36211795E-01  5.40014461E-02  3.61092978E-03
1.36460357E-01  5.16682333E-02  3.60111619E-03
1.36646778E-01  4.68393995E-02  5.09294955E-03
1.36833199E-01  5.62704559E-02  3.60018044E-03
1.37081761E-01  4.49794848E-02  3.59924509E-03
1.37268182E-01  5.18435278E-02  5.07813729E-03
1.37454604E-01  4.76588611E-02  3.59188797E-03
1.37703165E-01  4.98754761E-02  3.60122757E-03
1.37951727E-01  4.96804034E-02  3.58925877E-03
1.38138148E-01  4.75860057E-02  5.07887311E-03
1.38324569E-01  4.71059846E-02  3.58935557E-03
1.38573131E-01  4.61929282E-02  3.58403101E-03
1.38759552E-01  5.12245008E-02  5.08418500E-03
1.38945974E-01  5.06366199E-02  3.58953837E-03
1.39194535E-01  5.00129825E-02  3.57752043E-03
1.39443097E-01  4.66752607E-02  3.58581801E-03
1.39629518E-01  4.17386886E-02  5.06918646E-03
1.39815939E-01  4.94810019E-02  3.57845853E-03
1.40064501E-01  3.99881198E-02  3.57564572E-03
1.40313063E-01  4.13832231E-02  3.58275049E-03
1.40499484E-01  4.18651190E-02  5.05402554E-03
1.40685905E-01  4.65441949E-02  3.57133485E-03
1.40934467E-01  4.26360117E-02  3.57924139E-03
1.41183029E-01  3.89265630E-02  3.57381674E-03
1.41369450E-01  4.20946282E-02  5.04419777E-03
1.41555871E-01  4.13125028E-02  3.56931165E-03
1.41804433E-01  3.91824902E-02  3.56714921E-03
1.42052994E-01  4.72292706E-02  3.56726370E-03
1.42239416E-01  4.37087300E-02  5.02990282E-03
1.42425837E-01  3.90641414E-02  3.56453938E-03
1.42674399E-01  3.93455576E-02  3.56625181E-03
1.42922960E-01  3.94541460E-02  3.55425969E-03
1.43109382E-01  3.32905204E-02  5.02728899E-03
1.43295803E-01  3.94292353E-02  3.56029148E-03
1.43544364E-01  4.03801665E-02  3.55715672E-03
1.43792926E-01  3.39230301E-02  3.55103322E-03
1.43979347E-01  4.10922178E-02  5.01594615E-03
1.44165769E-01  4.07972671E-02  3.55963148E-03
1.44414330E-01  3.23814396E-02  3.54732906E-03
1.44662892E-01  3.76024656E-02  3.55642301E-03
1.44911454E-01  3.50484966E-02  3.54335551E-03
1.45097875E-01  3.71253843E-02  5.01278930E-03
1.45284296E-01  3.58172247E-02  3.54557012E-03
1.45532858E-01  3.80509006E-02  3.54351093E-03
1.45781420E-01  4.16369883E-02  3.54556929E-03
1.46029981E-01  3.82032450E-02  3.54028337E-03
1.46278543E-01  3.54773068E-02  3.54465049E-03
1.46464964E-01  4.06683954E-02  5.00270703E-03
1.46651385E-01  2.57458632E-02  3.53121335E-03
1.46899947E-01  3.42239739E-02  3.53903946E-03
1.47148509E-01  2.69784457E-02  3.52661160E-03
1.47397070E-01  4.04582888E-02  3.53360133E-03
1.47583492E-01  3.28953217E-02  4.98866507E-03
1.47769913E-01  3.72906424E-02  3.52624808E-03
1.48018475E-01  3.13866107E-02  3.51765976E-03
1.48267036E-01  2.77597336E-02  3.51858181E-03
1.48515598E-01  3.35271417E-02  3.53398462E-03
1.48764160E-01  3.38945523E-02  3.51308229E-03
1.48950581E-01  4.15143667E-02  4.97701375E-03
1.49137002E-01  3.55262288E-02  3.52587789E-03
1.49385564E-01  2.78886236E-02  3.51764230E-03
1.49634125E-01  3.30489197E-02  3.51001507E-03
1.49882687E-01  2.87971114E-02  3.51512051E-03
1.50131249E-01  3.60942114E-02  3.51594379E-03
1.50379810E-01  2.94696249E-02  3.50934826E-03
1.50566232E-01  2.75507376E-02  4.97029487E-03
1.50752653E-01  2.68810135E-02  3.50710356E-03
1.51001215E-01  3.00850865E-02  3.50796932E-03
1.51249776E-01  3.14015326E-02  3.50726503E-03
1.51498338E-01  2.83928676E-02  3.50772927E-03
1.51746900E-01  2.57869653E-02  3.49778751E-03
1.51995461E-01  3.05618536E-02  3.49732306E-03
1.52244023E-01  3.26529392E-02  3.50529880E-03
1.52492585E-01  2.91062582E-02  3.49606385E-03
1.52679006E-01  2.39016859E-02  4.95414626E-03
1.52865427E-01  2.68878567E-02  3.49169141E-03
1.53113989E-01  2.92883062E-02  3.50190080E-03
1.53362550E-01  2.28338553E-02  3.48911432E-03
1.53611112E-01  2.22409726E-02  3.49252735E-03
1.53859674E-01  2.55960039E-02  3.48638193E-03
1.54108235E-01  1.61349700E-02  3.48373304E-03
1.54356797E-01  2.57395973E-02  3.49126150E-03
1.54605359E-01  2.66041264E-02  3.48337903E-03
1.54853920E-01  2.52342049E-02  3.48710860E-03
1.55102482E-01  2.56022686E-02  3.48189096E-03
1.55288903E-01  2.22343234E-02  4.92382871E-03
1.55475325E-01  2.63296780E-02  3.48359989E-03
1.55723886E-01  2.69969907E-02  3.48504850E-03
1.55972448E-01  2.30602524E-02  3.47172560E-03
1.56221010E-01  2.60355642E-02  3.47830083E-03
1.56469571E-01  3.40868779E-02  3.47585372E-03
1.56718133E-01  2.47828554E-02  3.47319589E-03
1.56966695E-01  2.86082486E-02  3.47535300E-03
1.57215256E-01  2.73990693E-02  3.47021055E-03
1.57463818E-01  2.72141842E-02  3.46774650E-03
1.57712380E-01  2.45020843E-02  3.46402357E-03
1.57960941E-01  2.59123642E-02  3.46643066E-03
1.58209503E-01  2.77964204E-02  3.46349963E-03
1.58458065E-01  2.19102252E-02  3.46696436E-03
1.58706626E-01  2.63530618E-02  3.45618100E-03
1.58955188E-01  2.17591795E-02  3.45839832E-03
1.59203750E-01  2.41938666E-02  3.45373681E-03
1.59452311E-01  2.12646533E-02  3.45916410E-03
1.59700873E-01  2.25626680E-02  3.45657945E-03
1.59949435E-01  1.97460548E-02  3.45304366E-03
1.60197996E-01  1.53286379E-02  3.44828097E-03
1.60446558E-01  2.71703694E-02  3.44966584E-03
1.60695120E-01  2.67499846E-02  3.44556345E-03
1.60943681E-01  2.56071104E-02  3.44818757E-03
1.61192243E-01  2.52161063E-02  3.44551983E-03
1.61440805E-01  2.79775128E-02  3.44248312E-03
1.61689366E-01  1.97026721E-02  3.44591460E-03
1.61937928E-01  1.58158238E-02  3.44061945E-03
1.62186490E-01  2.28003862E-02  3.43543032E-03
1.62435051E-01  2.32084500E-02  3.43855664E-03
1.62683613E-01  2.13314794E-02  3.43848613E-03
1.62932175E-01  1.98823718E-02  3.43685960E-03
1.63180736E-01  2.08365651E-02  3.43022372E-03
1.63429298E-01  2.01886684E-02  3.43309004E-03
1.63677860E-01  2.02157715E-02  3.43137994E-03
1.63926421E-01  2.36748636E-02  3.42913659E-03
1.64174983E-01  1.82741126E-02  3.42575403E-03
1.64423545E-01  2.44742642E-02  3.43344134E-03
1.64672106E-01  2.65172928E-02  3.42487928E-03
1.64920668E-01  1.50485045E-02  3.42191634E-03
1.65169230E-01  2.01281379E-02  3.41975283E-03
1.65417791E-01  1.61586958E-02  3.41886827E-03
1.65666353E-01  2.13815323E-02  3.42727343E-03
1.65914915E-01  2.14070540E-02  3.41465096E-03
1.66163476E-01  1.87852699E-02  3.42055719E-03
1.66412038E-01  2.09009526E-02  3.47565828E-03
1.66660600E-01  2.43140519E-02  3.51636669E-03
1.66909161E-01  1.92116626E-02  3.53264191E-03
1.67157723E-01  1.96017802E-02  3.56383259E-03
1.67468425E-01  1.83927582E-02  2.92191062E-03
1.67779127E-01  2.31204305E-02  3.60874071E-03
1.68027689E-01  2.69833941E-02  3.61789909E-03
1.68276251E-01  1.74134101E-02  3.62887092E-03
1.68524812E-01  1.54794281E-02  3.63544517E-03
1.68773374E-01  1.74899992E-02  3.66372121E-03
1.69021936E-01  1.90085484E-02  3.65962182E-03
1.69270497E-01  1.90177200E-02  3.68938700E-03
1.69519059E-01  1.35478966E-02  3.68808984E-03
1.69767621E-01  1.02020926E-02  3.69614574E-03
1.70016182E-01  1.90351789E-02  3.71240807E-03
1.70326884E-01  1.76920957E-02  3.04706802E-03
1.70637587E-01  2.12305480E-02  3.73317969E-03
1.70886148E-01  2.13198867E-02  3.74849401E-03
1.71134710E-01  2.11953442E-02  3.71661921E-03
1.71383272E-01  1.79485058E-02  3.67616827E-03
1.71631833E-01  2.17125912E-02  3.64226128E-03
1.71880395E-01  9.86175665E-03  3.62016571E-03
1.72128957E-01  2.03547740E-02  3.59652568E-03
1.72439659E-01  1.65106059E-02  2.93404925E-03
1.72750361E-01  1.61917741E-02  3.57166157E-03
1.72998922E-01  2.39254856E-02  3.56563204E-03
1.73247484E-01  1.32890417E-02  3.55555921E-03
1.73496046E-01  2.02650223E-02  3.55000143E-03
1.73744607E-01  1.33998223E-02  3.53784371E-03
1.73993169E-01  1.81085644E-02  3.53621220E-03
1.74303871E-01  1.51822433E-02  2.87414562E-03
1.74614573E-01  1.47450318E-02  3.51714521E-03
1.74863135E-01  1.83444638E-02  3.50629278E-03
1.75111697E-01  1.76630841E-02  3.50494600E-03
1.75360258E-01  1.71447409E-02  3.50503085E-03
1.75670960E-01  1.46958261E-02  2.85168967E-03
1.75981662E-01  1.63325328E-02  3.49431685E-03
1.76230224E-01  1.56599380E-02  3.48246263E-03
1.76478786E-01  1.96763793E-02  3.48426548E-03
1.76727347E-01  2.28836759E-02  3.48068165E-03
1.76975909E-01  1.48383328E-02  3.47825597E-03
1.77286611E-01  1.70860323E-02  2.83127855E-03
1.77597313E-01  1.67738644E-02  3.47469843E-03
1.77845875E-01  1.45788983E-02  3.45404458E-03
1.78094437E-01  1.20677377E-02  3.46693612E-03
1.78342998E-01  1.59487520E-02  3.45233457E-03
1.78653700E-01  1.89894142E-02  2.82590425E-03
1.78964402E-01  1.67176443E-02  3.46028929E-03
1.79212964E-01  1.21105980E-02  3.47590457E-03
1.79461526E-01  1.70220778E-02  3.52475470E-03
1.79772228E-01  1.83250429E-02  2.91226610E-03
1.80082930E-01  1.77712141E-02  3.59357081E-03
1.80331492E-01  1.07770459E-02  3.61249224E-03
1.80580053E-01  1.36793264E-02  3.63780271E-03
1.80890755E-01  1.45729660E-02  2.94708488E-03
1.81201458E-01  1.62654555E-02  3.58377419E-03
1.81450019E-01  2.35165237E-02  3.53734660E-03
1.81698581E-01  2.22140355E-02  3.54143939E-03
1.82009283E-01  1.21182691E-02  2.86486911E-03
1.82319985E-01  1.59148981E-02  3.49066468E-03
1.82568547E-01  1.30949059E-02  3.47420282E-03
1.82817108E-01  1.54989413E-02  3.46967939E-03
1.83127810E-01  1.38311745E-02  2.81835264E-03
1.83438513E-01  1.31023114E-02  3.45150943E-03
1.83687074E-01  1.56078271E-02  3.44492710E-03
1.83935636E-01  1.05057953E-02  3.44131126E-03
1.84246338E-01  1.62230487E-02  2.81068564E-03
1.84557040E-01  1.90101496E-02  3.43729661E-03
1.84805602E-01  1.77766939E-02  3.44569171E-03
1.85116304E-01  1.70166366E-02  2.80320784E-03
1.85427006E-01  2.02102530E-02  3.43320772E-03
1.85675568E-01  1.69706533E-02  3.42662646E-03
1.85924129E-01  1.65884144E-02  3.42042899E-03
1.86234831E-01  1.36894748E-02  2.78365692E-03
1.86545533E-01  1.74926513E-02  3.40572000E-03
1.86794095E-01  1.22092404E-02  3.39504309E-03
1.87104797E-01  1.01796639E-02  2.77001126E-03
1.87415499E-01  1.80573239E-02  3.38807266E-03
1.87664061E-01  1.20713173E-02  3.37971623E-03
1.87974763E-01  1.39361131E-02  2.75871643E-03
1.88285465E-01  1.51810766E-02  3.37183727E-03
1.88534027E-01  1.61163761E-02  3.36646293E-03
1.88844729E-01  1.29671072E-02  2.75180371E-03
1.89155431E-01  1.28305612E-02  3.36304604E-03
1.89403993E-01  1.50560484E-02  3.35994795E-03
1.89714695E-01  1.68496231E-02  2.74427398E-03
1.90025397E-01  1.24438703E-02  3.35932893E-03
1.90336099E-01  1.10157497E-02  2.73854411E-03
1.90646801E-01  1.16945844E-02  3.35150755E-03
1.90895363E-01  1.47741079E-02  3.34856486E-03
1.91206065E-01  1.05593682E-02  2.73482482E-03
1.91516767E-01  1.08844563E-02  3.34549889E-03
1.91765328E-01  1.03962496E-02  3.34322517E-03
1.92076031E-01  1.85511147E-02  2.73071940E-03
1.92386733E-01  1.12133070E-02  3.33484225E-03
1.92697435E-01  1.40651743E-02  2.72620431E-03
1.93008137E-01  2.09526175E-02  3.33655662E-03
1.93256699E-01  2.07582450E-02  3.33179911E-03
1.93567401E-01  1.82838655E-02  2.72156563E-03
1.93878103E-01  1.74586155E-02  3.33086172E-03
1.94188805E-01  1.34999396E-02  2.71730784E-03
1.94499507E-01  1.23197492E-02  3.32266089E-03
1.94748069E-01  1.57156912E-02  3.31729187E-03
1.95058771E-01  1.35091730E-02  2.71314936E-03
1.95369473E-01  1.70184674E-02  3.31937997E-03
1.95680175E-01  1.50150970E-02  2.70869672E-03
1.95990877E-01  1.33641816E-02  3.31371302E-03
1.96239439E-01  9.26539357E-03  3.30919597E-03
1.96550141E-01  1.23974586E-02  2.70366082E-03
1.96860843E-01  1.35217742E-02  3.30463920E-03
1.97171545E-01  1.25381165E-02  2.70139409E-03
1.97482247E-01  1.52174003E-02  3.30172013E-03
1.97792949E-01  1.43997864E-02  2.69839448E-03
1.98103651E-01  1.31174785E-02  3.29988273E-03
1.98414353E-01  1.52782092E-02  2.69409788E-03
1.98725055E-01  7.67530104E-03  3.29467981E-03
1.99035757E-01  9.92768417E-03  2.69092385E-03
1.99346459E-01  1.43793261E-02  3.29291472E-03
1.99595021E-01  1.26759925E-02  3.29123566E-03
1.99905723E-01  1.36982922E-02  2.68718355E-03
2.00216425E-01  1.88988954E-02  3.29012222E-03
2.00527127E-01  1.55433584E-02  2.68332274E-03
2.00837829E-01  1.14100037E-02  3.28181728E-03
2.01148532E-01  1.32859108E-02  2.67996855E-03
2.01459234E-01  1.41896254E-02  3.27458225E-03
2.01769936E-01  9.71971851E-03  2.67941551E-03
2.02080638E-01  1.07559117E-02  3.27022401E-03
2.02391340E-01  1.23300693E-02  2.67371292E-03
2.02702042E-01  1.01735439E-02  3.26802147E-03
2.03012744E-01  1.21698797E-02  2.66732858E-03
2.03323446E-01  7.25050061E-03  3.26328804E-03
2.03634148E-01  1.34442013E-02  2.66318204E-03
2.04006991E-01  1.22592811E-02  2.66402267E-03
2.04317693E-01  1.84676369E-02  3.25852190E-03
2.04628395E-01  9.86957854E-03  2.65714215E-03
2.04939097E-01  9.21407259E-03  3.25027588E-03
2.05249799E-01  1.39397403E-02  2.65059886E-03
2.05560501E-01  1.80895030E-02  3.24354787E-03
2.05871203E-01  1.05845022E-02  2.64350147E-03
2.06181905E-01  1.38318199E-02  3.23815401E-03
2.06492607E-01  8.81181938E-03  2.64255437E-03
2.06803310E-01  8.13024464E-03  3.23389400E-03
2.07114012E-01  1.57028589E-02  2.63990484E-03
2.07486854E-01  1.38755205E-02  2.63684394E-03
2.07797556E-01  1.40536553E-02  3.22795357E-03
2.08108258E-01  1.29029179E-02  2.63543376E-03
2.08418960E-01  1.64703959E-02  3.22858128E-03
2.08729662E-01  1.34465862E-02  2.63065200E-03
2.09102505E-01  1.07578805E-02  2.63336679E-03
2.09413207E-01  1.02713864E-02  3.21809301E-03
2.09723909E-01  1.00467999E-02  2.63034071E-03
2.10034611E-01  8.67632511E-03  3.20855198E-03
2.10345313E-01  1.25213035E-02  2.62562408E-03
2.10718156E-01  1.56268270E-02  2.62660206E-03
2.11028858E-01  1.83062845E-02  3.20490071E-03
2.11339560E-01  1.00103428E-02  2.62408825E-03
2.11650262E-01  1.03266794E-02  3.20288034E-03
2.11960964E-01  1.05283298E-02  2.61745378E-03
2.12333807E-01  1.26495467E-02  2.61573940E-03
2.12644509E-01  9.64476960E-03  3.19602203E-03
2.12955211E-01  1.14710458E-02  2.61282304E-03
2.13328053E-01  1.10822047E-02  2.60778210E-03
2.13638755E-01  1.01727300E-02  3.19117080E-03
2.13949458E-01  8.78353688E-03  2.60970404E-03
2.14322300E-01  1.02835598E-02  2.60816599E-03
2.14633002E-01  1.12216175E-02  3.18602889E-03
2.14943704E-01  5.34487805E-03  2.60636804E-03
2.15316547E-01  1.42655833E-02  2.60225240E-03
2.15627249E-01  1.22274934E-02  3.18494714E-03
2.15937951E-01  8.31915964E-03  2.60220832E-03
2.16310793E-01  1.40399739E-02  2.59976612E-03
2.16621495E-01  1.37683944E-02  3.18429218E-03
2.16932198E-01  9.27358663E-03  2.59680730E-03
2.17305040E-01  1.22544891E-02  2.59379505E-03
2.17615742E-01  7.55462326E-03  3.17924535E-03
2.17926444E-01  1.12414857E-02  2.59333272E-03
2.18299287E-01  1.08555707E-02  2.58769903E-03
2.18609989E-01  1.34517791E-02  3.17878487E-03
2.18920691E-01  7.70847217E-03  2.58507131E-03
2.19293533E-01  8.28504027E-03  2.58546074E-03
2.19666376E-01  1.07491866E-02  2.58577589E-03
2.19977078E-01  1.24301715E-02  3.16550760E-03
2.20287780E-01  7.63426988E-03  2.58293680E-03
2.20660623E-01  1.27624034E-02  2.57945212E-03
2.21033465E-01  1.52589479E-02  2.58009879E-03
2.21344167E-01  1.54661451E-02  3.16046340E-03
2.21654869E-01  1.56054204E-02  2.57944205E-03
2.22027712E-01  9.12324755E-03  2.57413685E-03
2.22400554E-01  1.12079624E-02  2.57663471E-03
2.22711256E-01  8.08085843E-03  3.14778713E-03
2.23021958E-01  1.53248519E-02  2.57413261E-03
2.23394801E-01  7.66482755E-03  2.56637348E-03
2.23767644E-01  1.29445699E-02  2.57252392E-03
2.24078346E-01  4.29737599E-03  3.14393262E-03
2.24389048E-01  8.83531008E-03  2.56577883E-03
2.24761890E-01  1.08170888E-02  2.56515594E-03
2.25134733E-01  1.29797714E-02  2.56327235E-03
2.25507575E-01  1.23397969E-02  2.56096483E-03
2.25818277E-01  5.56859417E-03  3.13461523E-03
2.26128979E-01  1.36596547E-02  2.56139469E-03
2.26501822E-01  1.14348215E-02  2.55969338E-03
2.26874664E-01  5.15843937E-03  2.55573062E-03
2.27247507E-01  1.18785566E-02  2.55485178E-03
2.27558209E-01  9.10222825E-03  3.13148207E-03
2.27868911E-01  1.30446236E-02  2.54985547E-03
2.28241754E-01  8.11355097E-03  2.55395811E-03
2.28614596E-01  1.19443050E-02  2.55143077E-03
2.28987439E-01  1.31155602E-02  2.54770404E-03
2.29360281E-01  6.24106174E-03  2.54438622E-03
2.29670983E-01  1.01366220E-02  3.11835790E-03
2.29981685E-01  8.61504600E-03  2.54296159E-03
2.30354528E-01  9.31973117E-03  2.54478624E-03
2.30727370E-01  1.09887160E-02  2.54210315E-03
2.31100213E-01  9.48868911E-03  2.54044763E-03
2.31473055E-01  9.71649233E-03  2.53606770E-03
2.31845898E-01  9.23880062E-03  2.54036832E-03
2.32218740E-01  1.07118429E-02  2.53728954E-03
2.32529442E-01  1.16369395E-02  3.09854180E-03
2.32840144E-01  6.56898306E-03  2.53622451E-03
2.33212987E-01  1.01798477E-02  2.53053437E-03
2.33585829E-01  1.03621165E-02  2.53137398E-03
2.33958672E-01  1.06446983E-02  2.52979339E-03
2.34331514E-01  8.50568694E-03  2.52951877E-03
2.34704357E-01  7.45781906E-03  2.54655082E-03
2.35077199E-01  7.22979962E-03  2.59561592E-03
2.35450042E-01  1.12370350E-02  2.62484342E-03
2.35822885E-01  9.80388652E-03  2.64322899E-03
2.36133587E-01  5.96065602E-03  3.25640420E-03
2.36444289E-01  9.98606490E-03  2.67188287E-03
2.36817131E-01  5.97403385E-03  2.68712245E-03
2.37189974E-01  6.55521892E-03  2.69853782E-03
2.37562816E-01  9.21517916E-03  2.71733616E-03
2.37935659E-01  7.26604785E-03  2.72933322E-03
2.38308501E-01  7.47048300E-03  2.74214395E-03
2.38681344E-01  1.50685083E-02  2.74659382E-03
2.39054186E-01  6.83291450E-03  2.76599015E-03
2.39427029E-01  1.04946058E-02  2.76397709E-03
2.39799871E-01  9.43070398E-03  2.71639153E-03
2.40172714E-01  1.27629751E-02  2.68344765E-03
2.40545556E-01  5.12161119E-03  2.66651554E-03
2.40918399E-01  1.23203677E-02  2.65159554E-03
2.41291241E-01  8.09517744E-03  2.63928120E-03
2.41664084E-01  8.02208401E-03  2.63127933E-03
2.42036926E-01  7.85576524E-03  2.62451910E-03
2.42409769E-01  1.14566360E-02  2.61714073E-03
2.42782611E-01  1.21123145E-03  2.60982713E-03
2.43155454E-01  1.22099478E-02  2.60606013E-03
2.43528296E-01  1.06676670E-02  2.59865928E-03
2.43901139E-01  8.06835480E-03  2.59589647E-03
2.44273981E-01  1.15603214E-02  2.58986243E-03
2.44646824E-01  5.08957668E-03  2.58184848E-03
2.45019666E-01  1.04018792E-02  2.58041678E-03
2.45392509E-01  7.02353960E-03  2.57613649E-03
2.45765351E-01  1.22002005E-02  2.57068611E-03
2.46138194E-01  7.78959279E-03  2.56827430E-03
2.46511036E-01  9.83550459E-03  2.56527337E-03
2.46883879E-01  7.09996006E-03  2.56315431E-03
2.47256721E-01  2.90529741E-03  2.55765414E-03
2.47691704E-01  7.64995879E-03  2.21133311E-03
2.48126687E-01  8.03318552E-03  2.54659321E-03
2.48499530E-01  1.42885864E-02  2.54462431E-03
2.48872372E-01  4.95001358E-03  2.53813616E-03
2.49245215E-01  9.16173477E-03  2.53778615E-03
2.49618057E-01  9.92206109E-03  2.52844937E-03
2.49990900E-01  1.00164412E-02  2.52443167E-03
2.50363742E-01  1.24289386E-02  2.52074038E-03
2.50736585E-01  9.05626473E-03  2.51539816E-03
2.51109427E-01  5.77372022E-03  2.50749994E-03
2.51482270E-01  2.28929398E-03  2.50476050E-03
2.51917253E-01  9.36886841E-03  2.16550962E-03
2.52352236E-01  6.42484042E-03  2.49659718E-03
2.52725078E-01  9.93910189E-03  2.49738119E-03
2.53097921E-01  1.30367814E-02  2.49578450E-03
2.53470763E-01  8.04164180E-03  2.49156783E-03
2.53843606E-01  7.81692109E-03  2.49117791E-03
2.54216448E-01  6.32537384E-03  2.49063065E-03
2.54651431E-01  9.64807682E-03  2.15337647E-03
2.55086414E-01  1.14425783E-02  2.48720809E-03
2.55459256E-01  1.15623270E-02  2.48471558E-03
2.55832099E-01  8.49164150E-03  2.48407146E-03
2.56204941E-01  6.34357315E-03  2.47949486E-03
2.56577784E-01  1.09619934E-02  2.47949409E-03
2.57012767E-01  1.15107946E-02  2.14572170E-03
2.57447750E-01  1.12714494E-02  2.47663293E-03
2.57820592E-01  7.36321272E-03  2.47491629E-03
2.58193435E-01  8.68290061E-03  2.47259970E-03
2.58566277E-01  5.74437219E-03  2.46954321E-03
2.59001260E-01  8.14626375E-03  2.14086420E-03
2.59436243E-01  1.11906508E-02  2.46829532E-03
2.59809086E-01  1.07427581E-02  2.46458175E-03
2.60181928E-01  5.85834786E-03  2.46501736E-03
2.60616911E-01  1.39260530E-02  2.13399031E-03
2.61051894E-01  8.59133866E-03  2.46469217E-03
2.61424737E-01  8.68796426E-03  2.45984632E-03
2.61797579E-01  1.12994399E-02  2.45822324E-03
2.62232562E-01  1.16612600E-02  2.12926030E-03
2.62667545E-01  5.62394229E-03  2.45649688E-03
2.63040387E-01  7.31026632E-03  2.45166885E-03
2.63413230E-01  5.41779825E-03  2.45301382E-03
2.63848213E-01  1.03113844E-02  2.12262491E-03
2.64283196E-01  4.48517551E-03  2.45114336E-03
2.64656038E-01  1.15543287E-02  2.44864028E-03
2.65028881E-01  1.11729692E-02  2.44792627E-03
2.65463864E-01  1.10205528E-02  2.11845953E-03
2.65898847E-01  8.00109825E-03  2.44235802E-03
2.66271689E-01  7.03311818E-03  2.44412238E-03
2.66706672E-01  1.10878699E-02  2.11363827E-03
2.67141655E-01  1.03060268E-02  2.44215161E-03
2.67514497E-01  1.24937318E-02  2.43786683E-03
2.67949480E-01  4.92810009E-03  2.11092291E-03
2.68384463E-01  1.42334484E-02  2.43616994E-03
2.68757306E-01  9.39514396E-03  2.43416858E-03
2.69192289E-01  8.55725257E-03  2.10728691E-03
2.69627272E-01  7.65330016E-03  2.43188915E-03
2.70000114E-01  6.57273098E-03  2.43018363E-03
2.70435097E-01  9.77228462E-03  2.10328369E-03
2.70870080E-01  1.11828799E-02  2.42877103E-03
2.71242922E-01  1.20584585E-02  2.42655833E-03
2.71677905E-01  1.05525080E-02  2.09590496E-03
2.72112888E-01  9.08316302E-03  2.42075827E-03
2.72485731E-01  9.41226082E-03  2.42204066E-03
2.72920714E-01  9.20802434E-03  2.09328669E-03
2.73355697E-01  6.43491659E-03  2.41945236E-03
2.73790680E-01  7.13095507E-03  2.08981507E-03
2.74225663E-01  8.77194241E-03  2.41804102E-03
2.74598505E-01  1.04517836E-02  2.41145806E-03
2.75033488E-01  7.16044567E-03  2.08762117E-03
2.75468471E-01  7.75847285E-03  2.41042932E-03
2.75903454E-01  6.35784905E-03  2.08500533E-03
2.76338437E-01  7.36602174E-03  2.40849591E-03
2.76773420E-01  7.45572978E-03  2.08019392E-03
2.77208403E-01  1.27099599E-02  2.40603874E-03
2.77581245E-01  7.79709303E-03  2.40172787E-03
2.78016228E-01  9.22755487E-03  2.07781528E-03
2.78451211E-01  4.70413988E-03  2.40271906E-03
2.78886194E-01  1.26961038E-02  2.07687613E-03
2.79321177E-01  6.79852942E-03  2.39945332E-03
2.79756160E-01  7.89733193E-03  2.07435958E-03
2.80191143E-01  1.21769654E-02  2.39343187E-03
2.80626126E-01  9.43615118E-03  2.07189965E-03
2.81061108E-01  7.62510643E-03  2.39357832E-03
2.81496091E-01  1.05825620E-02  2.06871597E-03
2.81931074E-01  1.05715098E-02  2.39009919E-03
2.82366057E-01  7.34022570E-03  2.06830832E-03
2.82801040E-01  1.03328090E-02  2.38532757E-03
2.83236023E-01  9.42832223E-03  2.06588513E-03
2.83671006E-01  7.31871643E-03  2.38638252E-03
2.84105989E-01  1.12971327E-02  2.06105883E-03
2.84540972E-01  1.11182992E-02  2.38425510E-03
2.84975955E-01  7.84969349E-03  2.06048334E-03
2.85410938E-01  1.06943825E-02  2.38130944E-03
2.85845921E-01  1.06897906E-02  2.05857522E-03
2.86280904E-01  8.58073824E-03  2.37384927E-03
2.86715886E-01  7.15690614E-03  2.05776432E-03
2.87150869E-01  9.61531821E-03  2.37138642E-03
2.87585852E-01  9.87470272E-03  2.05608495E-03
2.88082976E-01  6.49206631E-03  2.05234740E-03
2.88517959E-01  1.08219830E-02  2.37216777E-03
2.88952941E-01  7.59758413E-03  2.04824868E-03
2.89387924E-01  1.10236154E-02  2.36807907E-03
2.89822907E-01  1.00547127E-02  2.04718669E-03
2.90320031E-01  1.10526141E-02  2.04727064E-03
2.90755014E-01  1.09843724E-02  2.36176080E-03
2.91189997E-01  1.10292141E-02  2.04510203E-03
2.91624979E-01  1.13232094E-02  2.35957083E-03
2.92059962E-01  7.86704974E-03  2.04340357E-03
2.92557086E-01  7.55274722E-03  2.03956569E-03
2.92992069E-01  8.48953719E-03  2.35729126E-03
2.93427052E-01  6.91013847E-03  2.03835597E-03
2.93924175E-01  1.02247075E-02  2.03787555E-03
2.94359158E-01  1.11834561E-02  2.35307786E-03
2.94794141E-01  1.04900589E-02  2.03478999E-03
2.95229124E-01  6.96576702E-03  2.34857100E-03
2.95664107E-01  7.41383783E-03  2.03066434E-03
2.96161230E-01  8.89794064E-03  2.03000750E-03
2.96658353E-01  5.08304497E-03  2.02630078E-03
2.97093336E-01  9.13210021E-03  2.34166348E-03
2.97528319E-01  9.84250935E-03  2.02372283E-03
2.98025442E-01  8.29791581E-03  2.02541104E-03
2.98460425E-01  7.99948151E-03  2.33378533E-03
2.98895408E-01  7.53178263E-03  2.02180337E-03
2.99392532E-01  8.15641424E-03  2.02147508E-03
2.99827515E-01  1.03101935E-02  2.33491762E-03
3.00262497E-01  8.55593609E-03  2.02046679E-03
3.00759621E-01  8.61479323E-03  2.01952051E-03
3.01256744E-01  8.25642387E-03  2.02124296E-03
3.01691727E-01  6.93370956E-03  2.32841040E-03
3.02126710E-01  1.12041790E-02  2.01840721E-03
3.02623833E-01  9.80565949E-03  2.01542591E-03
3.03120957E-01  5.69854489E-03  2.02379119E-03
3.03555940E-01  4.55370454E-03  2.38251195E-03
3.03990923E-01  6.59352082E-03  2.08963430E-03
3.04488046E-01  8.08463038E-03  2.11476276E-03
3.04985169E-01  6.97599475E-03  2.13235378E-03
3.05420152E-01  3.72851642E-03  2.48078613E-03
3.05855135E-01  1.02791695E-02  2.16385365E-03
3.06352258E-01  9.77117825E-03  2.18095111E-03
3.06849382E-01  5.69700127E-03  2.19615084E-03
3.07346505E-01  1.20504490E-02  2.21107845E-03
3.07781488E-01  1.41672725E-02  2.56731251E-03
3.08216471E-01  7.25000263E-03  2.26634482E-03
3.08713594E-01  6.84002161E-03  2.33634385E-03
3.09210718E-01  1.07531077E-02  2.38812567E-03
3.09707841E-01  9.45204292E-03  2.42529265E-03
3.10204964E-01  1.20625753E-02  2.45427179E-03
3.10702088E-01  1.17279277E-02  2.48972072E-03
3.11137071E-01  8.70831840E-03  2.90423224E-03
3.11572053E-01  8.07018021E-03  2.54441508E-03
3.12069177E-01  7.65070353E-03  2.56934303E-03
3.12566300E-01  1.28538838E-02  2.60015162E-03
3.13063423E-01  5.29565158E-03  2.62936352E-03
3.13560547E-01  1.11628004E-02  2.65218160E-03
3.14057670E-01  8.00375296E-03  2.68031788E-03
3.14554794E-01  1.22900047E-02  2.71064347E-03
3.14989776E-01  6.76656945E-03  3.15358676E-03
3.15424759E-01  1.08036082E-02  2.75631158E-03
3.15921883E-01  1.10752617E-02  2.78227133E-03
3.16419006E-01  1.67408343E-02  2.80985343E-03
3.16916129E-01  1.35819426E-02  2.83875647E-03
3.17413253E-01  1.06095036E-02  2.86328641E-03
3.17910376E-01  1.18424558E-02  2.89088823E-03
3.18407499E-01  4.08215683E-03  2.91945153E-03
3.18904623E-01  1.14575601E-02  2.93447609E-03
3.19401746E-01  1.11027176E-02  2.94681187E-03
3.19898869E-01  4.35348488E-03  2.96549079E-03
3.20395993E-01  6.96072679E-03  2.97272642E-03
3.20893116E-01  1.05149089E-02  2.99275262E-03
3.21390239E-01  9.68955858E-03  3.00444931E-03
3.21887363E-01  1.16275910E-02  3.01855906E-03
3.22384486E-01  3.80000530E-03  3.03249922E-03
3.22881609E-01  9.01092666E-03  3.04874366E-03
3.23378733E-01  5.51193378E-03  3.05397231E-03
3.23875856E-01  6.47000220E-03  3.06137329E-03
3.24372979E-01  1.12606346E-02  3.06874328E-03
3.24870103E-01  1.05561154E-02  3.07125709E-03
3.25367226E-01  5.52444186E-03  3.08422535E-03
3.25864349E-01  1.04360707E-02  3.10406055E-03
3.26361473E-01  8.70214648E-03  3.10606477E-03
3.26858596E-01  6.97672739E-03  3.12771505E-03
3.27355720E-01  1.32183647E-02  3.14348114E-03
3.27852843E-01  6.26537289E-03  3.14933205E-03
3.28349966E-01  7.82614820E-03  3.16430509E-03
3.28847090E-01  1.09216675E-02  3.17862851E-03
3.29344213E-01  1.17495701E-02  3.19612066E-03
3.29841336E-01  6.87983162E-03  3.20328087E-03
3.30400600E-01  1.12419364E-02  2.87961375E-03
3.30959864E-01  4.88237860E-03  3.23432981E-03
3.31456987E-01  8.25545282E-03  3.25018909E-03
3.31954110E-01  1.00263873E-02  3.26150329E-03
3.32451234E-01  1.49180815E-02  3.27535772E-03
3.32948357E-01  7.07527090E-03  3.29211663E-03
3.33445480E-01  6.83305073E-03  3.29991967E-03
3.33942604E-01  1.49583680E-02  3.32072848E-03
3.34501868E-01  1.09212560E-02  2.98097929E-03
3.35061131E-01  1.03369423E-02  3.34952660E-03
3.35558255E-01  6.12727050E-03  3.35965125E-03
3.36055378E-01  7.41021729E-03  3.37321835E-03
3.36552501E-01  4.98402628E-03  3.39345665E-03
3.37049625E-01  1.46893483E-03  3.39956795E-03
3.37608888E-01  8.55343464E-03  3.05654269E-03
3.38168152E-01  4.21768560E-03  3.43082767E-03
3.38665276E-01  4.78141394E-03  3.44803255E-03
3.39162399E-01  5.65704650E-03  3.46521613E-03
3.39659522E-01  1.15571520E-02  3.47801304E-03
3.40218786E-01  4.81318853E-03  3.12433924E-03
3.40778050E-01  1.40644676E-03  3.50476868E-03
3.41275173E-01  8.78696634E-03  3.52438007E-03
3.41772296E-01  6.05678033E-03  3.53931672E-03
3.42269420E-01  1.45723231E-02  3.55294945E-03
3.42828683E-01  1.43930157E-02  3.19055330E-03
3.43387947E-01  8.86638192E-03  3.58226965E-03
3.43885071E-01  1.53632522E-02  3.60733664E-03
3.44444334E-01  5.43969643E-03  3.23660986E-03
3.45003598E-01  1.05290758E-02  3.62691977E-03
3.45500721E-01  1.05995040E-02  3.64902529E-03
3.45997845E-01  1.00873275E-02  3.66914337E-03
3.46557109E-01  9.98194277E-03  3.29245829E-03
3.47116372E-01  1.48058502E-02  3.70427387E-03
3.47613496E-01  1.31092607E-02  3.71191094E-03
3.48172759E-01  1.03062146E-02  3.33820410E-03
3.48732023E-01  5.21902064E-04  3.74689863E-03
3.49229146E-01  7.22926912E-03  3.77103369E-03
3.49788410E-01  6.10983491E-03  3.37685493E-03
3.50347674E-01  1.00602409E-02  3.79204383E-03
3.50844797E-01  3.10179653E-03  3.79032897E-03
3.51404061E-01  2.22425937E-03  3.39366432E-03
3.51963325E-01  1.34948343E-02  3.79881517E-03
3.52460448E-01  1.10400088E-02  3.79661921E-03
3.53019712E-01  8.41354202E-03  3.40896654E-03
3.53578976E-01  7.91572621E-03  3.82056870E-03
3.54138239E-01  6.74265113E-03  3.43530540E-03
3.54697503E-01  4.68241799E-03  3.86048380E-03
3.55194627E-01  6.14579044E-03  3.87690312E-03
3.55753890E-01  5.76124560E-03  3.48441292E-03
3.56313154E-01  8.05888783E-03  3.92499469E-03
3.56872418E-01  6.45686361E-03  3.51614917E-03
3.57431682E-01  2.75775613E-03  3.95050955E-03
3.57928805E-01  -8.77805450E-04  3.96894325E-03
3.58488069E-01  9.14407450E-03  3.56828118E-03
3.59047332E-01  7.54165425E-03  4.00481071E-03
3.59606596E-01  1.07143171E-02  3.60795870E-03
3.60165860E-01  1.49003951E-02  4.06108430E-03
3.60725124E-01  1.07086032E-03  3.63364348E-03
3.61284387E-01  -1.92359697E-04  4.09372848E-03
3.61843651E-01  5.97794396E-03  3.67952839E-03
3.62402915E-01  1.18383646E-02  4.12184504E-03
3.62962179E-01  1.35367551E-03  3.71442361E-03
3.63521443E-01  6.61372594E-03  4.17795233E-03
3.64080706E-01  3.97365905E-03  3.75150560E-03
3.64639970E-01  7.17218802E-03  4.22279392E-03
3.65199234E-01  6.63251749E-03  3.79225013E-03
3.65758498E-01  1.04350901E-02  4.27487594E-03
3.66317761E-01  6.59685132E-03  3.82850831E-03
3.66877025E-01  1.08806999E-02  4.31085592E-03
3.67436289E-01  3.11306216E-03  3.87669273E-03
3.68057693E-01  1.08220820E-02  3.89752110E-03
3.68616957E-01  7.13639506E-03  4.37560576E-03
3.69176221E-01  7.36174692E-03  3.94334887E-03
3.69735484E-01  1.00027772E-02  4.42114364E-03
3.70294748E-01  8.01922916E-03  3.98899861E-03
3.70854012E-01  8.80888975E-03  4.47339097E-03
3.71413276E-01  2.80658611E-03  4.02858120E-03
3.72034680E-01  9.66635277E-03  4.05195684E-03
3.72593943E-01  6.61221951E-03  4.56391078E-03
3.73153207E-01  1.79659420E-03  4.09964074E-03
3.73774611E-01  6.31491250E-03  4.12709135E-03
3.74333875E-01  7.41062411E-03  4.64747734E-03
3.74893139E-01  2.90956122E-03  4.16792221E-03
3.75452403E-01  1.22532631E-02  4.70519762E-03
3.76011666E-01  4.92108797E-03  4.22854291E-03
3.76633071E-01  1.58274403E-02  4.25248474E-03
3.77192334E-01  5.22919246E-03  4.78325181E-03
3.77751598E-01  3.80036155E-03  4.31303426E-03
3.78373002E-01  1.76091270E-03  4.33915128E-03
3.78994406E-01  6.35272100E-03  4.36101024E-03
3.79553670E-01  1.62596437E-02  4.91628752E-03
3.80112934E-01  6.32100062E-03  4.42389836E-03
3.80734338E-01  1.01996858E-02  4.45726241E-03
3.81293602E-01  9.50724424E-03  5.00750581E-03
3.81852866E-01  1.17088772E-02  4.51386451E-03
3.82474270E-01  1.19266010E-02  4.55413664E-03
3.83095674E-01  6.83769475E-03  4.58421122E-03
3.83654938E-01  -1.76560421E-04  5.13994602E-03
3.84214202E-01  9.31937697E-03  4.65012847E-03
3.84835606E-01  7.58404730E-03  4.69378576E-03
3.85457010E-01  8.09983166E-03  4.72566526E-03
3.86016274E-01  1.15131197E-02  5.30100134E-03
3.86575537E-01  1.16824483E-02  4.79082565E-03
3.87196942E-01  6.65233402E-03  4.81149030E-03
3.87818346E-01  1.10973613E-02  4.82186021E-03
3.88439750E-01  1.18892334E-02  4.80725547E-03
3.89061154E-01  3.04022030E-03  4.81993496E-03
3.89620418E-01  1.49434688E-02  5.42343426E-03
3.90179682E-01  1.57212823E-02  4.85275807E-03
3.90801086E-01  7.03271127E-03  4.88142751E-03
3.91422490E-01  5.25442844E-03  4.92732831E-03
3.92043894E-01  2.58084517E-03  4.96838817E-03
3.92665298E-01  9.71196536E-03  5.02285047E-03
3.93224562E-01  4.85517351E-03  5.64244279E-03
3.93783826E-01  5.66517374E-03  5.09509701E-03
3.94405230E-01  1.40505760E-02  5.14340236E-03
3.95026634E-01  8.01153934E-03  5.19213512E-03
3.95648038E-01  -1.16103427E-02  5.23587474E-03
3.96269443E-01  2.49599946E-03  5.29147501E-03
3.96890847E-01  7.06807436E-03  5.33655282E-03
3.97512251E-01  9.96875779E-03  5.40266064E-03
3.98133655E-01  7.20697479E-03  5.43050212E-03
3.98755059E-01  1.17648638E-02  5.48819242E-03
3.99376463E-01  8.38476787E-03  5.55026181E-03
3.99997868E-01  3.04478374E-03  5.60943427E-03
4.00619272E-01  1.40391126E-02  5.67464485E-03
4.01240676E-01  9.17665424E-03  5.73657405E-03
4.01862080E-01  1.38031591E-03  5.79686582E-03
4.02483484E-01  4.76015713E-03  5.86747990E-03
4.03104888E-01  4.15572640E-03  5.93792711E-03
4.03726293E-01  2.96740559E-03  5.97683818E-03
4.04347697E-01  1.14680344E-02  6.06510440E-03
4.04969101E-01  5.32830414E-03  6.13502016E-03
4.05590505E-01  1.41360645E-02  6.22375778E-03
4.06211909E-01  -1.43632354E-03  6.30043734E-03
4.06833314E-01  7.02731672E-03  6.38273252E-03
4.07454718E-01  1.86661726E-03  6.46360325E-03
4.08076122E-01  1.55668826E-02  6.57058275E-03
4.08697526E-01  2.00429642E-03  6.65674044E-03
4.09318930E-01  2.54907630E-02  6.71145117E-03
4.09940334E-01  6.53605005E-03  6.82754222E-03
4.10561739E-01  9.78377615E-03  6.94628183E-03
4.11183143E-01  -2.70942231E-03  7.05181936E-03
4.11804547E-01  1.96515602E-04  7.18222004E-03
4.12425951E-01  1.21521050E-02  7.31226214E-03
4.13109496E-01  9.25682170E-03  6.77111374E-03
4.13793040E-01  1.07899346E-02  7.57691589E-03
4.14414444E-01  7.46900376E-03  7.71800113E-03
4.15035849E-01  -7.25594466E-03  7.86222337E-03
4.15657253E-01  5.35690829E-03  8.06250424E-03
4.16278657E-01  1.35824974E-02  8.21443391E-03
4.16900061E-01  1.53653144E-02  8.40205092E-03
4.17583606E-01  1.21794757E-02  7.77253589E-03
4.18267150E-01  1.19512834E-02  8.81202669E-03
4.18888555E-01  6.22193530E-03  9.07765027E-03
4.19509959E-01  -2.91073280E-03  9.29666710E-03
4.20131363E-01  1.67380881E-02  1.16366645E-02