  8.529000e-03   8.399658e+01   6.286315e+00
  9.046000e-03   8.528196e+01   4.873915e+00
  9.563000e-03   8.559822e+01   3.996318e+00
  1.008000e-02   8.345426e+01   3.127194e+00
  1.059700e-02   8.537800e+01   2.785340e+00
  1.111400e-02   8.513436e+01   2.523038e+00
  1.163000e-02   8.436465e+01   2.262690e+00
  1.214700e-02   8.122275e+01   2.182318e+00
  1.266400e-02   8.208259e+01   1.821139e+00
  1.318100e-02   8.216641e+01   1.730356e+00
  1.369800e-02   7.757050e+01   1.679669e+00
  1.421500e-02   7.942857e+01   1.545332e+00
  1.473200e-02   7.946447e+01   1.348186e+00
  1.524900e-02   7.833441e+01   1.254238e+00
  1.576600e-02   7.589835e+01   1.242936e+00
  1.628300e-02   7.718561e+01   1.196735e+00
  1.680000e-02   7.626322e+01   1.105280e+00
  1.731600e-02   7.537483e+01   1.117210e+00
  1.783300e-02   7.727801e+01   1.095072e+00
  1.835000e-02   7.242573e+01   1.001927e+00
  1.886700e-02   7.286972e+01   1.016783e+00
  1.938400e-02   7.281929e+01   1.007750e+00
  1.990100e-02   6.990917e+01   9.028860e-01
  2.041800e-02   7.060155e+01   8.907470e-01
  2.093500e-02   6.975242e+01   9.168600e-01
  2.145200e-02   6.851216e+01   8.856140e-01
  2.196900e-02   6.792192e+01   8.337890e-01
  2.248600e-02   6.768343e+01   8.147810e-01
  2.300200e-02   6.657220e+01   7.884270e-01
  2.351900e-02   6.483035e+01   7.739490e-01
  2.403600e-02   6.282976e+01   7.657540e-01
  2.455300e-02   6.387455e+01   7.398220e-01
  2.507000e-02   6.269173e+01   7.116020e-01
  2.558700e-02   6.140400e+01   6.806640e-01
  2.610400e-02   6.097974e+01   6.887730e-01
  2.662100e-02   5.934009e+01   6.830630e-01
  2.713800e-02   5.888484e+01   6.429020e-01
  2.765500e-02   5.762749e+01   6.379820e-01
  2.817100e-02   5.648879e+01   6.300690e-01
  2.868800e-02   5.632627e+01   6.223940e-01
  2.920500e-02   5.583046e+01   5.931070e-01
  2.972200e-02   5.501956e+01   5.824720e-01
  3.023900e-02   5.274583e+01   5.939900e-01
  3.075600e-02   5.211495e+01   5.662210e-01
  3.127300e-02   5.193761e+01   5.667820e-01
  3.179000e-02   5.114770e+01   5.588350e-01
  3.230700e-02   5.016931e+01   5.374860e-01
  3.282400e-02   4.979517e+01   5.382350e-01
  3.334100e-02   4.944504e+01   5.238020e-01
  3.385700e-02   4.722587e+01   5.321130e-01
  3.437400e-02   4.725507e+01   5.106540e-01
  3.489100e-02   4.580437e+01   5.038360e-01
  3.540800e-02   4.568921e+01   4.936840e-01
  3.592500e-02   4.501277e+01   4.949660e-01
  3.644200e-02   4.368608e+01   4.918020e-01
  3.695900e-02   4.359335e+01   4.767540e-01
  3.747600e-02   4.225299e+01   4.709600e-01
  3.799300e-02   4.274945e+01   4.612940e-01
  3.851000e-02   4.100609e+01   4.583860e-01
  3.902700e-02   4.066807e+01   4.534970e-01
  3.954300e-02   3.998024e+01   4.384730e-01
  4.006000e-02   3.857823e+01   4.371170e-01
  4.057700e-02   3.887314e+01   4.341280e-01
  4.109400e-02   3.805812e+01   4.159240e-01
  4.161100e-02   3.726863e+01   4.149400e-01
  4.212800e-02   3.707495e+01   4.090680e-01
  4.264500e-02   3.690986e+01   4.094800e-01
  4.316200e-02   3.558265e+01   4.096640e-01
  4.367900e-02   3.511724e+01   4.004450e-01
  4.419600e-02   3.492775e+01   3.907940e-01
  4.471200e-02   3.416851e+01   3.812750e-01
  4.522900e-02   3.332743e+01   3.812020e-01
  4.574600e-02   3.287411e+01   3.750570e-01
  4.626300e-02   3.247252e+01   3.709460e-01
  4.678000e-02   3.189580e+01   3.614280e-01
  4.729700e-02   3.148919e+01   3.576260e-01
  4.781400e-02   3.082187e+01   3.623530e-01
  4.833100e-02   3.048023e+01   3.549530e-01
  4.884800e-02   3.018091e+01   3.501930e-01
  4.936500e-02   2.918116e+01   3.416280e-01
  4.988100e-02   2.929332e+01   3.392850e-01
  5.039800e-02   2.870236e+01   3.453430e-01
  5.091500e-02   2.796007e+01   3.389390e-01
  5.143200e-02   2.772012e+01   3.373210e-01
  5.194900e-02   2.726261e+01   3.287690e-01
  5.246600e-02   2.689742e+01   3.285730e-01
  5.298300e-02   2.650809e+01   3.272450e-01
  5.350000e-02   2.596344e+01   3.226190e-01
  5.401700e-02   2.569503e+01   3.178310e-01
  5.453400e-02   2.525272e+01   3.150470e-01
  5.505000e-02   2.489881e+01   3.111400e-01
  5.556700e-02   2.447888e+01   3.067300e-01
  5.608400e-02   2.405589e+01   3.042800e-01
  5.660100e-02   2.361302e+01   3.037060e-01
  5.711800e-02   2.334785e+01   2.976440e-01
  5.763500e-02   2.303601e+01   2.985190e-01
  5.815200e-02   2.254710e+01   2.967420e-01
  5.866900e-02   2.240813e+01   2.922620e-01
  5.918600e-02   2.186941e+01   2.905940e-01
  5.970300e-02   2.146876e+01   2.850730e-01
  6.022000e-02   2.137415e+01   2.826580e-01
  6.073600e-02   2.096721e+01   2.856610e-01
  6.125300e-02   2.065605e+01   2.816920e-01
  6.177000e-02   2.044161e+01   2.756530e-01
  6.228700e-02   1.996958e+01   2.766220e-01
  6.280400e-02   1.960605e+01   2.737810e-01
  6.332100e-02   1.941157e+01   2.686200e-01
  6.383800e-02   1.915939e+01   2.650770e-01
  6.435500e-02   1.889681e+01   2.665340e-01
  6.487200e-02   1.856519e+01   2.607540e-01
  6.538800e-02   1.834717e+01   2.592960e-01
  6.590500e-02   1.807454e+01   2.592720e-01
  6.642200e-02   1.768833e+01   2.527330e-01
  6.693900e-02   1.752893e+01   2.558400e-01
  6.745600e-02   1.740518e+01   2.572960e-01
  6.797300e-02   1.716706e+01   2.575100e-01
  6.849000e-02   1.688693e+01   2.592260e-01
  6.900700e-02   1.648730e+01   2.524820e-01
  6.952400e-02   1.628892e+01   2.512260e-01
  7.004100e-02   1.622666e+01   2.485490e-01
  7.055700e-02   1.580593e+01   2.460190e-01
  7.107400e-02   1.580931e+01   2.367620e-01
  7.159100e-02   1.539221e+01   2.389190e-01
  7.210800e-02   1.525746e+01   2.382160e-01
  7.262500e-02   1.492922e+01   2.361690e-01
  7.314200e-02   1.469136e+01   2.359530e-01
  7.365900e-02   1.446949e+01   2.330160e-01
  7.417600e-02   1.428944e+01   2.283400e-01
  7.469300e-02   1.403557e+01   2.307960e-01
  7.521000e-02   1.387904e+01   2.285030e-01
  7.572600e-02   1.364895e+01   2.262240e-01
  7.624300e-02   1.341506e+01   2.212280e-01
  7.676000e-02   1.326687e+01   2.212230e-01
  7.727700e-02   1.302132e+01   2.214850e-01
  7.779400e-02   1.285976e+01   2.196290e-01
  7.831100e-02   1.266795e+01   2.154280e-01
  7.882800e-02   1.241297e+01   2.170060e-01
  7.934500e-02   1.228763e+01   2.141560e-01
  7.986200e-02   1.209804e+01   2.128360e-01
  8.037800e-02   1.192891e+01   2.128020e-01
  8.089500e-02   1.155024e+01   2.085040e-01
  8.141200e-02   1.147457e+01   2.051350e-01
  8.192900e-02   1.114211e+01   2.080650e-01
  8.244600e-02   1.112711e+01   2.061900e-01
  8.296300e-02   1.086644e+01   2.060330e-01
  8.348000e-02   1.065250e+01   1.989590e-01
  8.399700e-02   1.052698e+01   2.010870e-01
  8.451400e-02   1.046075e+01   2.021560e-01
  8.503000e-02   1.026163e+01   1.968170e-01
  8.554700e-02   1.005787e+01   1.967850e-01
  8.606400e-02   9.958347e+00   1.989280e-01
  8.658100e-02   9.749096e+00   1.982640e-01
  8.709800e-02   9.548048e+00   1.971520e-01
  8.761500e-02   9.458212e+00   1.979660e-01
  8.813200e-02   9.311751e+00   1.964020e-01
  8.864900e-02   9.217130e+00   1.979130e-01
  8.916600e-02   8.875337e+00   2.018660e-01
  8.968300e-02   8.814775e+00   2.034630e-01
  9.019900e-02   8.649481e+00   1.988900e-01
  9.071600e-02   8.576123e+00   2.009060e-01
  9.123300e-02   8.508336e+00   2.020030e-01
  9.175000e-02   8.356175e+00   1.983730e-01
  9.226700e-02   8.248115e+00   2.025460e-01
  9.278400e-02   8.168619e+00   2.036050e-01
  9.330100e-02   7.917065e+00   1.997730e-01
  9.381800e-02   7.737445e+00   1.968570e-01
  9.433400e-02   7.528280e+00   1.934290e-01
  9.485100e-02   7.404291e+00   1.951490e-01
  9.536800e-02   7.354996e+00   1.927010e-01
  9.588500e-02   7.285616e+00   1.870580e-01
  9.640200e-02   7.061758e+00   1.868360e-01
  9.691900e-02   7.075986e+00   1.835580e-01
  9.743600e-02   6.874920e+00   1.799930e-01
  9.795300e-02   6.885688e+00   1.798500e-01
  9.847000e-02   6.692161e+00   1.787830e-01
  9.898600e-02   6.551528e+00   1.753500e-01
  9.950300e-02   6.389613e+00   1.731260e-01
  1.000200e-01   6.258126e+00   1.752710e-01
  1.005370e-01   6.216206e+00   1.730600e-01
  1.010540e-01   6.057725e+00   1.713950e-01
  1.015710e-01   6.043753e+00   1.703220e-01
  1.020880e-01   6.003256e+00   1.709290e-01
  1.026050e-01   5.797177e+00   1.698120e-01
  1.031220e-01   5.731451e+00   1.676090e-01
  1.036380e-01   5.660751e+00   1.660610e-01
  1.041550e-01   5.560261e+00   1.652820e-01
  1.046720e-01   5.348272e+00   1.638770e-01
  1.051890e-01   5.356442e+00   1.632080e-01
  1.057060e-01   5.191715e+00   1.639270e-01
  1.062230e-01   5.110809e+00   1.591490e-01
  1.067400e-01   5.139531e+00   1.593350e-01
  1.072570e-01   4.965237e+00   1.594630e-01
  1.077730e-01   4.865945e+00   1.598000e-01
  1.082900e-01   4.845312e+00   1.547810e-01
  1.088070e-01   4.691196e+00   1.566820e-01
  1.093240e-01   4.704249e+00   1.575460e-01
  1.098410e-01   4.625788e+00   1.563840e-01
  1.103580e-01   4.464313e+00   1.529240e-01
  1.108750e-01   4.405380e+00   1.545320e-01
  1.113920e-01   4.483518e+00   1.525070e-01
  1.119090e-01   4.284463e+00   1.495660e-01
  1.124250e-01   4.270932e+00   1.507490e-01
  1.129420e-01   4.220059e+00   1.501750e-01
  1.134590e-01   4.160477e+00   1.480660e-01
  1.139760e-01   3.988746e+00   1.485060e-01
  1.144930e-01   4.060745e+00   1.487010e-01
  1.150100e-01   3.896819e+00   1.483760e-01
  1.155270e-01   3.946733e+00   1.446150e-01
  1.160440e-01   3.761949e+00   1.453900e-01
  1.165600e-01   3.781101e+00   1.441380e-01
  1.170770e-01   3.599646e+00   1.447010e-01
  1.175940e-01   3.567694e+00   1.430760e-01
  1.181110e-01   3.566374e+00   1.420270e-01
  1.186280e-01   3.495738e+00   1.422170e-01
  1.191450e-01   3.436680e+00   1.399690e-01
  1.196620e-01   3.322030e+00   1.414180e-01
  1.201790e-01   3.344170e+00   1.405580e-01
  1.206950e-01   3.357143e+00   1.392900e-01
  1.212120e-01   3.175688e+00   1.379850e-01
  1.217290e-01   3.132955e+00   1.370870e-01
  1.222460e-01   3.170649e+00   1.374870e-01
  1.227630e-01   3.149350e+00   1.371340e-01
  1.232800e-01   3.007586e+00   1.352700e-01
  1.237970e-01   2.967616e+00   1.368540e-01
  1.243140e-01   2.962065e+00   1.353440e-01
  1.248300e-01   2.900173e+00   1.351530e-01
  1.253470e-01   2.862837e+00   1.348530e-01
  1.258640e-01   2.779123e+00   1.342340e-01
  1.263810e-01   2.768091e+00   1.339960e-01
  1.268980e-01   2.661419e+00   1.324450e-01
  1.274150e-01   2.660211e+00   1.324750e-01
  1.279320e-01   2.716588e+00   1.310990e-01
  1.284480e-01   2.619707e+00   1.300870e-01
  1.289650e-01   2.577370e+00   1.310000e-01
  1.294820e-01   2.521799e+00   1.301170e-01
  1.299990e-01   2.517245e+00   1.297670e-01
  1.305160e-01   2.425200e+00   1.288470e-01
  1.310330e-01   2.309258e+00   1.286310e-01
  1.315500e-01   2.378814e+00   1.283100e-01
  1.320670e-01   2.326636e+00   1.287420e-01
  1.325830e-01   2.294249e+00   1.279260e-01
  1.331000e-01   2.251377e+00   1.269170e-01
  1.336170e-01   2.237284e+00   1.266560e-01
  1.341340e-01   2.206378e+00   1.259400e-01
  1.346510e-01   2.110021e+00   1.245570e-01
  1.351680e-01   2.119992e+00   1.243000e-01
  1.356850e-01   2.069772e+00   1.250260e-01
  1.362010e-01   2.114500e+00   1.252250e-01
  1.367180e-01   2.024189e+00   1.230630e-01
  1.372350e-01   2.074055e+00   1.209140e-01
  1.377520e-01   2.005782e+00   1.227740e-01
  1.382690e-01   1.984063e+00   1.213830e-01
  1.387860e-01   1.939917e+00   1.214470e-01
  1.393030e-01   1.896285e+00   1.224720e-01
  1.398190e-01   1.921683e+00   1.214950e-01
  1.403360e-01   1.891054e+00   1.200030e-01
  1.408530e-01   1.880233e+00   1.205460e-01
  1.413700e-01   1.822807e+00   1.217220e-01
  1.418870e-01   1.826402e+00   1.212500e-01
  1.424040e-01   1.775827e+00   1.202310e-01
  1.429210e-01   1.759644e+00   1.205760e-01
  1.434380e-01   1.687317e+00   1.219060e-01
  1.439540e-01   1.705702e+00   1.217170e-01
  1.444710e-01   1.655704e+00   1.212270e-01
  1.449880e-01   1.686367e+00   1.213070e-01
  1.455050e-01   1.638326e+00   1.212090e-01
  1.460220e-01   1.628231e+00   1.192940e-01
  1.465390e-01   1.661409e+00   1.184720e-01
  1.470560e-01   1.599572e+00   1.186940e-01
  1.475720e-01   1.616498e+00   1.161920e-01
  1.480890e-01   1.515409e+00   1.169740e-01
  1.486060e-01   1.469450e+00   1.161380e-01
  1.491230e-01   1.521857e+00   1.163780e-01
  1.496400e-01   1.492950e+00   1.159490e-01
  1.501570e-01   1.472661e+00   1.156960e-01
  1.506740e-01   1.393801e+00   1.146890e-01
  1.511900e-01   1.398129e+00   1.154290e-01
  1.517070e-01   1.361679e+00   1.148370e-01
  1.522240e-01   1.393903e+00   1.154420e-01
  1.527410e-01   1.348763e+00   1.145810e-01
  1.532580e-01   1.400329e+00   1.131630e-01
  1.537750e-01   1.395512e+00   1.130200e-01
  1.542910e-01   1.289090e+00   1.134810e-01
  1.548080e-01   1.313619e+00   1.137890e-01
  1.553250e-01   1.305431e+00   1.120590e-01
  1.558420e-01   1.268536e+00   1.135370e-01
  1.563590e-01   1.222743e+00   1.117800e-01
  1.568760e-01   1.246733e+00   1.107130e-01
  1.573930e-01   1.281486e+00   1.117920e-01
  1.579090e-01   1.243307e+00   1.118990e-01
  1.584260e-01   1.249285e+00   1.107040e-01
  1.589430e-01   1.257226e+00   1.103680e-01
  1.594600e-01   1.209267e+00   1.099030e-01
  1.599770e-01   1.136259e+00   1.096080e-01
  1.604940e-01   1.101029e+00   1.105430e-01
  1.610100e-01   1.173621e+00   1.097420e-01
  1.615270e-01   1.164364e+00   1.099030e-01
  1.620440e-01   1.072923e+00   1.080380e-01
  1.625610e-01   1.083307e+00   1.093640e-01
  1.630780e-01   1.104404e+00   1.082650e-01
  1.635950e-01   1.091415e+00   1.095980e-01
  1.641120e-01   1.100926e+00   1.081750e-01
  1.646280e-01   1.036767e+00   1.077690e-01
  1.651450e-01   1.026900e+00   1.074420e-01
  1.656620e-01   1.032284e+00   1.066930e-01
  1.661790e-01   1.064799e+00   1.062390e-01
  1.666960e-01   1.062057e+00   1.071060e-01
  1.672130e-01   9.504770e-01   1.061580e-01
  1.677290e-01   9.889760e-01   1.064250e-01
  1.682460e-01   1.027073e+00   1.048610e-01
  1.687630e-01   9.446940e-01   1.050510e-01
  1.692800e-01   8.684140e-01   1.048190e-01
  1.697970e-01   9.854170e-01   1.036740e-01
  1.703140e-01   8.768910e-01   1.048590e-01
  1.708300e-01   8.587240e-01   1.041680e-01
  1.713470e-01   8.169040e-01   1.035920e-01
  1.718640e-01   8.333860e-01   1.026810e-01
  1.723810e-01   9.108300e-01   1.049140e-01
  1.728980e-01   8.438400e-01   1.036940e-01
  1.734150e-01   8.207670e-01   1.032940e-01
  1.739320e-01   8.278560e-01   1.032380e-01
  1.744480e-01   8.463590e-01   1.019680e-01
  1.749650e-01   8.186020e-01   1.015700e-01
  1.754820e-01   8.326200e-01   1.017570e-01
  1.759990e-01   7.796370e-01   1.028450e-01
  1.765160e-01   7.551560e-01   1.026090e-01
  1.770330e-01   8.137900e-01   1.027360e-01
  1.775490e-01   7.826680e-01   1.038610e-01
  1.780660e-01   7.547610e-01   1.036910e-01
  1.785830e-01   8.304420e-01   1.042660e-01
  1.791000e-01   7.395030e-01   1.048490e-01
  1.796170e-01   7.698530e-01   1.061700e-01
  1.801340e-01   7.579610e-01   1.069820e-01
  1.806500e-01   7.341860e-01   1.077200e-01
  1.811670e-01   7.361010e-01   1.083360e-01
  1.816840e-01   6.709780e-01   1.072910e-01
  1.822010e-01   7.058880e-01   1.077760e-01
  1.827180e-01   7.177360e-01   1.084500e-01
  1.832340e-01   6.953480e-01   1.098050e-01
  1.837510e-01   6.473140e-01   1.072380e-01
  1.842680e-01   7.144080e-01   1.064490e-01
  1.847850e-01   6.872300e-01   1.073540e-01
  1.853020e-01   6.581650e-01   1.070100e-01
  1.858190e-01   6.345690e-01   1.061000e-01
  1.863350e-01   6.376240e-01   1.055230e-01
  1.868520e-01   6.642180e-01   1.044050e-01
  1.873690e-01   6.192910e-01   1.023230e-01
  1.878860e-01   6.621400e-01   1.032350e-01
  1.884030e-01   6.532760e-01   1.029460e-01
  1.889200e-01   6.369910e-01   1.017830e-01
  1.894360e-01   5.395040e-01   1.011350e-01
  1.899530e-01   6.327210e-01   1.014530e-01
  1.904700e-01   6.112700e-01   1.013240e-01
  1.909870e-01   5.712310e-01   1.000590e-01
  1.915040e-01   5.653910e-01   1.004370e-01
  1.920200e-01   5.389670e-01   9.978600e-02
  1.925370e-01   5.792020e-01   9.846400e-02
  1.930540e-01   5.797980e-01   9.887400e-02
  1.935710e-01   5.506250e-01   9.876500e-02
  1.940880e-01   5.639800e-01   9.896200e-02
  1.946050e-01   5.386880e-01   9.914100e-02
  1.951210e-01   6.002090e-01   9.823000e-02
  1.956380e-01   5.194380e-01   9.757900e-02
  1.961550e-01   5.462530e-01   9.824800e-02
  1.966720e-01   5.609650e-01   9.762400e-02
  1.971890e-01   5.302100e-01   9.754900e-02
  1.977050e-01   5.568850e-01   9.723600e-02
  1.982220e-01   5.361740e-01   9.655500e-02
  1.987390e-01   5.036980e-01   9.694900e-02
  1.992560e-01   5.132810e-01   9.584300e-02
  1.997730e-01   4.620390e-01   9.531200e-02
  2.002900e-01   4.893420e-01   9.591100e-02
  2.008060e-01   5.011400e-01   9.546600e-02
  2.013230e-01   4.993660e-01   9.492900e-02
  2.018400e-01   4.980440e-01   9.400800e-02
  2.023570e-01   5.077480e-01   9.452500e-02
  2.028740e-01   4.631230e-01   9.403500e-02
  2.033900e-01   4.216500e-01   9.401200e-02
  2.039070e-01   4.529690e-01   9.459100e-02
  2.044240e-01   4.284280e-01   9.415700e-02
  2.049410e-01   4.531760e-01   9.338800e-02
  2.054580e-01   4.176680e-01   9.399000e-02
  2.059740e-01   4.331400e-01   9.323100e-02
  2.064910e-01   4.947220e-01   9.388100e-02
  2.070080e-01   3.993390e-01   9.399900e-02
  2.075250e-01   4.438760e-01   9.296400e-02
  2.080420e-01   3.993290e-01   9.359400e-02
  2.085580e-01   4.381890e-01   9.310900e-02
  2.090750e-01   3.344510e-01   9.137600e-02
  2.095920e-01   4.232500e-01   9.298500e-02
  2.101090e-01   3.963440e-01   9.211900e-02
  2.106260e-01   3.808280e-01   9.136600e-02
  2.111420e-01   3.929440e-01   9.432800e-02
  2.116590e-01   3.954250e-01   9.182500e-02
  2.121760e-01   4.462840e-01   9.229300e-02
  2.126930e-01   3.675210e-01   9.173600e-02
  2.132100e-01   3.858040e-01   9.215800e-02
  2.137260e-01   3.921190e-01   9.226500e-02
  2.142430e-01   3.687710e-01   9.166500e-02
  2.147600e-01   4.079670e-01   9.082000e-02
  2.152770e-01   3.604510e-01   9.083400e-02
  2.157940e-01   4.014870e-01   9.114700e-02
  2.163100e-01   3.844550e-01   9.072200e-02
  2.168270e-01   3.578870e-01   9.004900e-02
  2.173440e-01   3.501310e-01   9.091300e-02
  2.178610e-01   3.630320e-01   9.070500e-02
  2.183780e-01   3.825520e-01   9.085900e-02
  2.188940e-01   3.623480e-01   8.964200e-02
  2.194110e-01   3.331740e-01   9.006000e-02
  2.199280e-01   3.590330e-01   8.935800e-02
  2.204450e-01   3.693880e-01   8.960100e-02
  2.209620e-01   3.153500e-01   8.961200e-02
  2.214780e-01   3.480560e-01   8.917400e-02
  2.219950e-01   3.816420e-01   8.944000e-02
  2.225120e-01   3.769870e-01   8.864200e-02
  2.230290e-01   3.664980e-01   8.851800e-02
  2.235460e-01   3.253020e-01   8.829500e-02
  2.240620e-01   3.052790e-01   8.827500e-02
  2.245790e-01   2.901440e-01   8.728600e-02
  2.250960e-01   3.401320e-01   8.775600e-02
  2.256130e-01   3.336080e-01   8.648800e-02
  2.261290e-01   3.131620e-01   8.637700e-02
  2.266460e-01   3.466750e-01   8.735500e-02
  2.271630e-01   2.835080e-01   8.659700e-02
  2.276800e-01   3.267780e-01   8.628700e-02
  2.281970e-01   3.121050e-01   8.633400e-02
  2.287130e-01   2.976180e-01   8.646900e-02
  2.292300e-01   2.625470e-01   8.665600e-02
  2.297470e-01   3.044060e-01   8.628200e-02
  2.302640e-01   2.923370e-01   8.598700e-02
  2.307800e-01   3.070340e-01   8.605600e-02
  2.312970e-01   3.205280e-01   8.709300e-02
  2.318140e-01   2.942750e-01   8.637000e-02
  2.323310e-01   3.135030e-01   8.579500e-02
  2.328480e-01   3.132650e-01   8.650500e-02
  2.333640e-01   2.780270e-01   8.629400e-02
  2.338810e-01   2.915210e-01   8.517300e-02
  2.343980e-01   3.103490e-01   8.513000e-02
  2.349150e-01   3.014210e-01   8.580300e-02
  2.354310e-01   3.019780e-01   8.606200e-02
  2.359480e-01   2.852590e-01   8.547300e-02
  2.364650e-01   2.899350e-01   8.546800e-02
  2.369820e-01   3.340970e-01   8.500300e-02
  2.374990e-01   2.918880e-01   8.488500e-02
  2.380150e-01   2.953030e-01   8.511000e-02
  2.385320e-01   2.790750e-01   8.497800e-02
  2.390490e-01   2.589060e-01   8.436000e-02
  2.395660e-01   3.307540e-01   8.431500e-02
  2.400820e-01   2.665720e-01   8.481200e-02
  2.405990e-01   2.826060e-01   1.223457e+01
  2.411160e-01   2.562270e-01   8.371400e-02
  2.416330e-01   2.763900e-01   8.370400e-02
  2.421490e-01   2.598880e-01   8.397800e-02
  2.426660e-01   2.546080e-01   8.369900e-02
  2.431830e-01   2.608210e-01   8.398100e-02
  2.437000e-01   3.005420e-01   8.383300e-02
  2.442170e-01   2.876480e-01   8.350000e-02
  2.447330e-01   2.940690e-01   8.307900e-02
  2.452500e-01   2.515330e-01   8.381100e-02
  2.457670e-01   2.601460e-01   8.322500e-02
  2.462840e-01   2.605470e-01   5.532600e-02
  2.468000e-01   2.788810e-01   6.404300e-02
  2.473170e-01   2.544030e-01   6.501400e-02
  2.478340e-01   2.488740e-01   5.685400e-02
  2.483510e-01   2.691010e-01   6.595100e-02
  2.488670e-01   2.527530e-01   5.186600e-02
  2.493840e-01   2.500190e-01   6.556700e-02
  2.499010e-01   2.505910e-01   5.258900e-02
  2.504180e-01   2.537660e-01   5.395900e-02
  2.509340e-01   2.488530e-01   5.479000e-02
  2.514510e-01   2.547390e-01   5.860800e-02
  2.519680e-01   2.557980e-01   5.451100e-02
  2.524850e-01   2.622590e-01   6.023100e-02
  2.530010e-01   2.389690e-01   6.386200e-02
  2.535180e-01   2.465730e-01   5.477300e-02
  2.540350e-01   2.493480e-01   5.995700e-02
  2.545520e-01   2.641900e-01   6.036400e-02
  2.550680e-01   2.509180e-01   6.276500e-02
  2.555850e-01   2.476940e-01   7.156100e-02
  2.561020e-01   2.255940e-01   5.690100e-02
  2.566190e-01   2.422940e-01   6.235500e-02
  2.571350e-01   2.487880e-01   6.751900e-02
  2.576520e-01   2.418960e-01   6.602300e-02
  2.581690e-01   2.480840e-01   6.794100e-02
  2.586860e-01   2.421260e-01   5.781000e-02
  2.592020e-01   2.436660e-01   6.282100e-02
  2.597190e-01   2.388590e-01   6.173000e-02
  2.602360e-01   2.421330e-01   7.484100e-02
  2.607530e-01   2.533730e-01   5.014100e-02
  2.612690e-01   2.448770e-01   6.722400e-02
  2.617860e-01   2.254100e-01   6.395200e-02
  2.623030e-01   2.297550e-01   6.080900e-02
  2.628200e-01   2.421780e-01   5.122900e-02
  2.633360e-01   2.591760e-01   5.679900e-02
  2.638530e-01   2.487170e-01   5.934800e-02
  2.643700e-01   2.454620e-01   6.526800e-02
  2.648870e-01   2.303510e-01   6.337500e-02
  2.654030e-01   2.408370e-01   5.320000e-02
  2.659200e-01   2.313800e-01   6.818600e-02
  2.664370e-01   2.360940e-01   6.884600e-02
  2.669540e-01   2.510120e-01   5.355300e-02
  2.674700e-01   2.252840e-01   6.056600e-02
  2.679870e-01   2.132650e-01   6.368500e-02
  2.685040e-01   2.521700e-01   6.608500e-02
  2.690210e-01   2.202150e-01   6.121300e-02
  2.695370e-01   2.386520e-01   6.803800e-02
  2.700540e-01   2.221980e-01   6.453600e-02
  2.705710e-01   2.536290e-01   7.027300e-02
  2.710870e-01   2.351460e-01   7.063700e-02
  2.716040e-01   2.287070e-01   6.470400e-02
  2.721210e-01   2.595110e-01   6.913500e-02
  2.726380e-01   2.486410e-01   6.736700e-02
  2.731540e-01   2.392810e-01   7.650500e-02
  2.736710e-01   2.207660e-01   6.664300e-02
  2.741880e-01   2.206390e-01   5.788900e-02
  2.747050e-01   2.460970e-01   6.342100e-02
  2.752210e-01   2.398890e-01   7.667300e-02
  2.757380e-01   2.337590e-01   6.399700e-02
  2.762550e-01   2.376400e-01   6.539300e-02
  2.767710e-01   2.236820e-01   7.083000e-02
  2.772880e-01   2.457290e-01   6.203300e-02
  2.778050e-01   2.371330e-01   7.098000e-02
  2.783220e-01   2.306580e-01   7.985000e-02
  2.788380e-01   2.302300e-01   6.930200e-02
  2.793550e-01   2.382510e-01   7.123200e-02
  2.798720e-01   2.327370e-01   5.859100e-02
  2.803880e-01   2.449200e-01   7.194100e-02
  2.809050e-01   2.341400e-01   6.530000e-02
  2.814220e-01   2.442510e-01   6.177800e-02
  2.819390e-01   2.263520e-01   7.242200e-02
  2.824550e-01   2.206240e-01   6.385000e-02
  2.829720e-01   2.392590e-01   7.876400e-02
  2.834890e-01   2.346630e-01   6.387000e-02
  2.840060e-01   2.318840e-01   7.047000e-02
  2.845220e-01   2.368160e-01   6.615400e-02
  2.850390e-01   2.339610e-01   6.699900e-02
  2.855560e-01   2.316500e-01   6.810900e-02
  2.860720e-01   2.223730e-01   6.309600e-02
  2.865890e-01   2.216370e-01   6.037500e-02
  2.871060e-01   2.446710e-01   6.312000e-02
  2.876220e-01   2.365740e-01   7.330800e-02
  2.881390e-01   2.258360e-01   6.455500e-02
  2.886560e-01   2.533090e-01   7.013500e-02
  2.891730e-01   2.483690e-01   7.324100e-02
  2.896890e-01   2.234340e-01   6.717000e-02
  2.902060e-01   2.060750e-01   7.397400e-02
  2.907230e-01   2.473970e-01   8.412600e-02
  2.912390e-01   2.562820e-01   7.771600e-02
  2.917560e-01   2.224420e-01   8.100600e-02
  2.922730e-01   2.453740e-01   6.520000e-02
  2.927900e-01   2.232420e-01   6.973900e-02
  2.933060e-01   2.430150e-01   7.229600e-02
  2.938230e-01   2.322800e-01   7.239600e-02
  2.943400e-01   2.475670e-01   7.502700e-02
  2.948560e-01   2.352090e-01   6.785800e-02
  2.953730e-01   2.235040e-01   6.376200e-02
  2.958900e-01   2.415060e-01   7.808100e-02
  2.964060e-01   2.333520e-01   5.576200e-02
  2.969230e-01   2.354860e-01   8.318900e-02
  2.974400e-01   2.177400e-01   7.305300e-02
  2.979570e-01   2.167190e-01   6.467800e-02
  2.984730e-01   2.467270e-01   8.223900e-02
  2.989900e-01   2.308510e-01   8.436300e-02
  2.995070e-01   2.323660e-01   7.160100e-02
  3.000230e-01   2.317610e-01   6.559000e-02
  3.005400e-01   2.388100e-01   6.625000e-02
  3.010570e-01   2.520130e-01   7.936700e-02
  3.015730e-01   2.342790e-01   7.483600e-02
  3.020900e-01   2.411810e-01   7.339000e-02
  3.026070e-01   2.482760e-01   7.101500e-02
  3.031230e-01   2.397180e-01   8.061200e-02
  3.036400e-01   2.489940e-01   7.996000e-02
  3.041570e-01   2.441920e-01   6.533400e-02
  3.046730e-01   2.364740e-01   8.229800e-02
  3.051900e-01   2.358430e-01   8.340300e-02
  3.057070e-01   2.358350e-01   8.900600e-02
  3.062240e-01   2.369510e-01   6.535200e-02
  3.067400e-01   2.138890e-01   7.600400e-02
  3.072570e-01   2.241070e-01   7.628400e-02
  3.077740e-01   2.406660e-01   6.752400e-02
  3.082900e-01   2.376300e-01   7.884000e-02
  3.088070e-01   2.534240e-01   6.445500e-02
  3.093240e-01   2.410180e-01   6.541700e-02
  3.098400e-01   2.347980e-01   8.255200e-02
  3.103570e-01   2.217280e-01   7.683300e-02
  3.108740e-01   2.314010e-01   8.972600e-02
  3.113900e-01   2.350110e-01   5.771600e-02
  3.119070e-01   2.251960e-01   9.228400e-02
  3.124240e-01   2.202670e-01   7.559700e-02
  3.129400e-01   2.327990e-01   9.341900e-02
  3.134570e-01   2.415060e-01   7.832600e-02
  3.139740e-01   2.444850e-01   8.832300e-02
  3.144900e-01   2.299750e-01   6.448300e-02
  3.150070e-01   2.480480e-01   8.080300e-02
  3.155240e-01   2.207510e-01   9.965200e-02
  3.160400e-01   2.500580e-01   6.606400e-02
  3.165570e-01   2.301510e-01   8.817300e-02
  3.170740e-01   2.475720e-01   7.858800e-02
  3.175900e-01   2.438160e-01   7.670900e-02
  3.181070e-01   2.354540e-01   8.637100e-02
  3.186240e-01   2.389370e-01   8.330300e-02
  3.191400e-01   2.203180e-01   9.346600e-02
  3.196570e-01   2.579050e-01   9.663300e-02
  3.201740e-01   2.243220e-01   1.084370e-01
  3.206900e-01   2.167890e-01   9.096000e-02
  3.212070e-01   2.569340e-01   1.054910e-01
  3.217240e-01   2.213580e-01   9.069200e-02
  3.222400e-01   2.481040e-01   9.305600e-02
  3.227570e-01   2.257070e-01   9.414100e-02
  3.232740e-01   2.359650e-01   1.046500e-01
  3.237900e-01   2.293740e-01   1.167660e-01
  3.243070e-01   2.413630e-01   9.866400e-02
  3.248240e-01   2.338350e-01   1.168920e-01
  3.253400e-01   2.154710e-01   1.069830e-01
  3.258570e-01   2.328710e-01   1.015010e-01
  3.263730e-01   2.238960e-01   9.406000e-02
  3.268900e-01   2.138650e-01   9.907300e-02
  3.274070e-01   2.524230e-01   8.502700e-02
  3.279230e-01   2.169600e-01   9.864700e-02
  3.284400e-01   2.477140e-01   1.244980e-01
  3.289570e-01   2.309550e-01   1.078700e-01
  3.294730e-01   2.033600e-01   1.225760e-01
  3.299900e-01   2.381470e-01   1.167390e-01
  3.305070e-01   2.384040e-01   1.143930e-01
  3.310230e-01   2.461890e-01   1.219680e-01
  3.315400e-01   2.369970e-01   1.028670e-01
  3.320570e-01   2.232270e-01   1.131250e-01
  3.325730e-01   2.472190e-01   1.152470e-01
  3.330900e-01   2.339880e-01   1.006340e-01
  3.336070e-01   2.262620e-01   1.260300e-01
  3.341230e-01   2.632990e-01   9.123600e-02
  3.346400e-01   2.413340e-01   1.310000e-01
  3.351560e-01   2.170200e-01   1.260300e-01
  3.356730e-01   2.059550e-01   1.081610e-01
  3.361900e-01   2.402890e-01   1.003210e-01
  3.367060e-01   2.272760e-01   1.039980e-01
  3.372230e-01   2.382780e-01   9.707500e-02
  3.377400e-01   2.503730e-01   1.022110e-01
  3.382560e-01   2.458620e-01   1.004140e-01
  3.387730e-01   1.962090e-01   1.318740e-01
  3.392900e-01   2.082660e-01   1.119100e-01
  3.398060e-01   2.158150e-01   1.125380e-01
  3.403230e-01   2.039770e-01   1.062880e-01
  3.408390e-01   2.544380e-01   1.172890e-01
  3.413560e-01   2.076330e-01   1.306030e-01
  3.418730e-01   2.210100e-01   1.197620e-01
  3.423890e-01   2.453940e-01   1.247910e-01
  3.429060e-01   2.210770e-01   1.148870e-01
  3.434230e-01   2.292890e-01   9.675300e-02
  3.439390e-01   2.481760e-01   1.276510e-01
  3.444560e-01   2.243950e-01   1.116290e-01
  3.449720e-01   2.459680e-01   1.220670e-01
  3.454890e-01   2.173940e-01   1.001030e-01
  3.460060e-01   2.578200e-01   1.435150e-01
  3.465220e-01   2.257000e-01   8.721400e-02
  3.470390e-01   2.060340e-01   1.365600e-01
  3.475550e-01   2.158020e-01   1.423890e-01
  3.480720e-01   2.321680e-01   1.047300e-01
  3.485890e-01   2.175410e-01   9.504100e-02
  3.491050e-01   2.185230e-01   1.188900e-01
  3.496220e-01   1.886990e-01   1.220760e-01
  3.501390e-01   2.450800e-01   1.169720e-01
  3.506550e-01   2.141670e-01   1.056940e-01
  3.511720e-01   2.262500e-01   1.095090e-01
  3.516880e-01   2.244810e-01   9.562500e-02
  3.522050e-01   2.227280e-01   1.212100e-01
  3.527220e-01   2.165530e-01   1.259980e-01
  3.532380e-01   1.840190e-01   1.326090e-01
  3.537550e-01   2.112850e-01   1.273520e-01
  3.542710e-01   2.552790e-01   1.276940e-01
  3.547880e-01   2.106620e-01   1.460600e-01
  3.553050e-01   2.325380e-01   1.384580e-01
  3.558210e-01   2.092870e-01   1.246820e-01
  3.563380e-01   1.926250e-01   1.327140e-01
  3.568540e-01   2.375280e-01   1.232770e-01
  3.573710e-01   1.748290e-01   1.670080e-01
  3.578880e-01   1.943240e-01   1.254220e-01
  3.584040e-01   2.355470e-01   1.171200e-01
  3.589210e-01   1.567430e-01   1.690920e-01
  3.594370e-01   2.035500e-01   1.490090e-01
  3.599540e-01   1.743920e-01   1.607610e-01
  3.604710e-01   2.255250e-01   1.318920e-01
  3.609870e-01   2.212560e-01   1.598050e-01
  3.615040e-01   2.005440e-01   1.751270e-01
  3.620200e-01   1.512240e-01   1.631950e-01
  3.625370e-01   2.374950e-01   1.738820e-01
  3.630540e-01   1.766660e-01   1.837570e-01
  3.635700e-01   2.425720e-01   1.794360e-01
  3.640870e-01   2.817840e-01   1.873540e-01
  3.646030e-01   2.279420e-01   1.926030e-01
  3.651200e-01   1.467880e-01   1.857940e-01
  3.656370e-01   1.662410e-01   1.776570e-01
  3.661530e-01   2.179460e-01   2.705870e-01
  3.666700e-01   9.314400e-02   9.809210e-01